1 16 1
1 17 2
1 24 3
1 25 4
1 27 5
1 29 6
1 37 7
1 38 8
1 39 9
1 40 10
1 41 11
1 42 12
1 46 13
1 47 14
1 48 15
1 49 16
1 50 17
1 51 18
1 59 19
1 61 20
1 63 21
1 82 22
1 83 23
1 84 24
1 85 25
1 86 26
1 87 27
1 89 28
1 90 29
1 91 30
1 92 31
1 93 32
1 94 33
1 96 34
1 97 35
1 98 36
1 99 37
1 100 38
1 101 39
1 104 40
1 106 41
1 108 42
1 109 43
1 110 44
1 111 45
1 121 46
1 144 47
1 145 48
1 147 49
1 149 50
1 157 51
1 158 52
1 159 53
1 160 54
1 161 55
1 162 56
1 166 57
1 167 58
1 168 59
1 169 60
1 170 61
1 171 62
1 179 63
1 181 64
1 183 65
1 202 66
1 203 67
1 204 68
1 205 69
1 206 70
1 207 71
1 209 72
1 210 73
1 211 74
1 212 75
1 213 76
1 214 77
1 216 78
1 217 79
1 218 80
1 219 81
1 220 82
1 221 83
1 226 84
1 227 85
1 228 86
1 260 87
1 261 88
1 263 89
1 265 90
1 273 91
1 274 92
1 275 93
1 276 94
1 277 95
1 278 96
1 282 97
1 283 98
1 284 99
1 285 100
1 286 101
1 287 102
1 295 103
1 297 104
1 299 105
1 318 106
1 319 107
1 320 108
1 321 109
1 322 110
1 323 111
1 325 112
1 326 113
1 327 114
1 328 115
1 329 116
1 330 117
1 332 118
1 333 119
1 334 120
1 335 121
1 336 122
1 337 123
1 342 124
1 343 125
1 344 126
1 376 127
1 377 128
1 379 129
1 381 130
1 389 131
1 390 132
1 391 133
1 392 134
1 393 135
1 394 136
1 398 137
1 399 138
1 400 139
1 401 140
1 402 141
1 403 142
1 411 143
1 413 144
1 415 145
1 434 146
1 435 147
1 436 148
1 437 149
1 438 150
1 439 151
1 441 152
1 442 153
1 443 154
1 444 155
1 445 156
1 446 157
1 448 158
1 449 159
1 450 160
1 451 161
1 452 162
1 453 163
1 458 164
1 459 165
1 460 166
1 492 167
1 493 168
1 495 169
1 497 170
1 505 171
1 506 172
1 507 173
1 508 174
1 509 175
1 510 176
1 514 177
1 515 178
1 516 179
1 517 180
1 518 181
1 519 182
1 527 183
1 529 184
1 531 185
1 550 186
1 551 187
1 552 188
1 553 189
1 554 190
1 555 191
1 557 192
1 558 193
1 559 194
1 560 195
1 561 196
1 562 197
1 564 198
1 565 199
1 566 200
1 567 201
1 568 202
1 569 203
1 574 204
1 575 205
1 576 206
1 608 207
1 609 208
1 611 209
1 613 210
1 621 211
1 622 212
1 623 213
1 624 214
1 625 215
1 626 216
1 630 217
1 631 218
1 632 219
1 633 220
1 634 221
1 635 222
1 643 223
1 645 224
1 647 225
1 666 226
1 667 227
1 668 228
1 669 229
1 670 230
1 671 231
1 673 232
1 674 233
1 675 234
1 676 235
1 677 236
1 678 237
1 680 238
1 681 239
1 682 240
1 683 241
1 684 242
1 685 243
1 690 244
1 691 245
1 692 246
1 724 247
1 725 248
1 727 249
1 729 250
1 737 251
1 738 252
1 739 253
1 740 254
1 741 255
1 742 256
1 746 257
1 747 258
1 748 259
1 749 260
1 750 261
1 751 262
1 759 263
1 761 264
1 763 265
1 782 266
1 783 267
1 784 268
1 785 269
1 786 270
1 787 271
1 789 272
1 790 273
1 791 274
1 792 275
1 793 276
1 794 277
1 796 278
1 797 279
1 798 280
1 799 281
1 800 282
1 801 283
1 806 284
1 807 285
1 808 286
1 840 287
1 841 288
1 843 289
1 845 290
1 853 291
1 854 292
1 855 293
1 856 294
1 857 295
1 858 296
1 862 297
1 863 298
1 864 299
1 865 300
1 866 301
1 867 302
1 875 303
1 877 304
1 879 305
1 898 306
1 899 307
1 900 308
1 901 309
1 902 310
1 903 311
1 905 312
1 906 313
1 907 314
1 908 315
1 909 316
1 910 317
1 912 318
1 913 319
1 914 320
1 915 321
1 916 322
1 917 323
1 922 324
1 923 325
1 924 326
1 956 327
1 957 328
1 959 329
1 961 330
1 969 331
1 970 332
1 971 333
1 972 334
1 973 335
1 974 336
1 978 337
1 979 338
1 980 339
1 981 340
1 982 341
1 983 342
1 991 343
1 993 344
1 995 345
1 1014 346
1 1015 347
1 1016 348
1 1017 349
1 1018 350
1 1019 351
1 1021 352
1 1022 353
1 1023 354
1 1024 355
1 1025 356
1 1026 357
1 1028 358
1 1029 359
1 1030 360
1 1031 361
1 1032 362
1 1033 363
1 1038 364
1 1039 365
1 1040 366
1 1072 367
1 1073 368
1 1075 369
1 1077 370
1 1085 371
1 1086 372
1 1087 373
1 1088 374
1 1089 375
1 1090 376
1 1094 377
1 1095 378
1 1096 379
1 1097 380
1 1098 381
1 1099 382
1 1107 383
1 1109 384
1 1111 385
1 1130 386
1 1131 387
1 1132 388
1 1133 389
1 1134 390
1 1135 391
1 1137 392
1 1138 393
1 1139 394
1 1140 395
1 1141 396
1 1142 397
1 1144 398
1 1145 399
1 1146 400
1 1147 401
1 1148 402
1 1149 403
1 1154 404
1 1155 405
1 1156 406
1 1188 407
1 1189 408
1 1191 409
1 1193 410
1 1201 411
1 1202 412
1 1203 413
1 1204 414
1 1205 415
1 1206 416
1 1210 417
1 1211 418
1 1212 419
1 1213 420
1 1214 421
1 1215 422
1 1223 423
1 1225 424
1 1227 425
1 1246 426
1 1247 427
1 1248 428
1 1249 429
1 1250 430
1 1251 431
1 1253 432
1 1254 433
1 1255 434
1 1256 435
1 1257 436
1 1258 437
1 1260 438
1 1261 439
1 1262 440
1 1263 441
1 1264 442
1 1265 443
1 1270 444
1 1271 445
1 1272 446
1 1304 447
1 1305 448
1 1307 449
1 1309 450
1 1317 451
1 1318 452
1 1319 453
1 1320 454
1 1321 455
1 1322 456
1 1326 457
1 1327 458
1 1328 459
1 1329 460
1 1330 461
1 1331 462
1 1339 463
1 1341 464
1 1343 465
1 1362 466
1 1363 467
1 1364 468
1 1365 469
1 1366 470
1 1367 471
1 1369 472
1 1370 473
1 1371 474
1 1372 475
1 1373 476
1 1374 477
1 1376 478
1 1377 479
1 1378 480
1 1379 481
1 1380 482
1 1381 483
1 1386 484
1 1387 485
1 1388 486
1 1420 487
1 1421 488
1 1423 489
1 1425 490
1 1433 491
1 1434 492
1 1435 493
1 1436 494
1 1437 495
1 1438 496
1 1442 497
1 1443 498
1 1444 499
1 1445 500
1 1446 501
1 1447 502
1 1455 503
1 1457 504
1 1459 505
1 1478 506
1 1479 507
1 1480 508
1 1481 509
1 1482 510
1 1483 511
1 1485 512
1 1486 513
1 1487 514
1 1488 515
1 1489 516
1 1490 517
1 1492 518
1 1493 519
1 1494 520
1 1495 521
1 1496 522
1 1497 523
1 1502 524
1 1503 525
1 1504 526
1 1536 527
1 1537 528
1 1539 529
1 1541 530
1 1549 531
1 1550 532
1 1551 533
1 1552 534
1 1553 535
1 1554 536
1 1558 537
1 1559 538
1 1560 539
1 1561 540
1 1562 541
1 1563 542
1 1571 543
1 1573 544
1 1575 545
1 1594 546
1 1595 547
1 1596 548
1 1597 549
1 1598 550
1 1599 551
1 1601 552
1 1602 553
1 1603 554
1 1604 555
1 1605 556
1 1606 557
1 1608 558
1 1609 559
1 1610 560
1 1611 561
1 1612 562
1 1613 563
1 1618 564
1 1619 565
1 1620 566
1 1652 567
1 1653 568
1 1655 569
1 1657 570
1 1665 571
1 1666 572
1 1667 573
1 1668 574
1 1669 575
1 1670 576
1 1674 577
1 1675 578
1 1676 579
1 1677 580
1 1678 581
1 1679 582
1 1687 583
1 1689 584
1 1691 585
1 1710 586
1 1711 587
1 1712 588
1 1713 589
1 1714 590
1 1715 591
1 1717 592
1 1718 593
1 1719 594
1 1720 595
1 1721 596
1 1722 597
1 1724 598
1 1725 599
1 1726 600
1 1727 601
1 1728 602
1 1729 603
1 1734 604
1 1735 605
1 1736 606
1 1768 607
1 1769 608
1 1771 609
1 1773 610
1 1781 611
1 1782 612
1 1783 613
1 1784 614
1 1785 615
1 1786 616
1 1790 617
1 1791 618
1 1792 619
1 1793 620
1 1794 621
1 1795 622
1 1803 623
1 1805 624
1 1807 625
1 1826 626
1 1827 627
1 1828 628
1 1829 629
1 1830 630
1 1831 631
1 1833 632
1 1834 633
1 1835 634
1 1836 635
1 1837 636
1 1838 637
1 1840 638
1 1841 639
1 1842 640
1 1843 641
1 1844 642
1 1845 643
1 1850 644
1 1851 645
1 1852 646
1 1884 647
1 1885 648
1 1887 649
1 1889 650
1 1897 651
1 1898 652
1 1899 653
1 1900 654
1 1901 655
1 1902 656
1 1906 657
1 1907 658
1 1908 659
1 1909 660
1 1910 661
1 1911 662
1 1919 663
1 1921 664
1 1923 665
1 1942 666
1 1943 667
1 1944 668
1 1945 669
1 1946 670
1 1947 671
1 1949 672
1 1950 673
1 1951 674
1 1952 675
1 1953 676
1 1954 677
1 1956 678
1 1957 679
1 1958 680
1 1959 681
1 1960 682
1 1961 683
1 1966 684
1 1967 685
1 1968 686
1 2000 687
1 2001 688
1 2003 689
1 2005 690
1 2013 691
1 2014 692
1 2015 693
1 2016 694
1 2017 695
1 2018 696
1 2022 697
1 2023 698
1 2024 699
1 2025 700
1 2026 701
1 2027 702
1 2035 703
1 2037 704
1 2039 705
1 2058 706
1 2059 707
1 2060 708
1 2061 709
1 2062 710
1 2063 711
1 2065 712
1 2066 713
1 2067 714
1 2068 715
1 2069 716
1 2070 717
1 2072 718
1 2073 719
1 2074 720
1 2075 721
1 2076 722
1 2077 723
1 2082 724
1 2083 725
1 2084 726
1 2116 727
1 2117 728
1 2119 729
1 2121 730
1 2129 731
1 2130 732
1 2131 733
1 2132 734
1 2133 735
1 2134 736
1 2138 737
1 2139 738
1 2140 739
1 2141 740
1 2142 741
1 2143 742
1 2151 743
1 2153 744
1 2155 745
1 2174 746
1 2175 747
1 2176 748
1 2177 749
1 2178 750
1 2179 751
1 2181 752
1 2182 753
1 2183 754
1 2184 755
1 2185 756
1 2186 757
1 2188 758
1 2189 759
1 2190 760
1 2191 761
1 2192 762
1 2193 763
1 2198 764
1 2199 765
1 2200 766
1 2232 767
1 2233 768
1 2235 769
1 2237 770
1 2245 771
1 2246 772
1 2247 773
1 2248 774
1 2249 775
1 2250 776
1 2254 777
1 2255 778
1 2256 779
1 2257 780
1 2258 781
1 2259 782
1 2267 783
1 2269 784
1 2271 785
1 2290 786
1 2291 787
1 2292 788
1 2293 789
1 2294 790
1 2295 791
1 2297 792
1 2298 793
1 2299 794
1 2300 795
1 2301 796
1 2302 797
1 2304 798
1 2305 799
1 2306 800
1 2307 801
1 2308 802
1 2309 803
1 2314 804
1 2315 805
1 2316 806
1 2348 807
1 2349 808
1 2351 809
1 2353 810
1 2361 811
1 2362 812
1 2363 813
1 2364 814
1 2365 815
1 2366 816
1 2370 817
1 2371 818
1 2372 819
1 2373 820
1 2374 821
1 2375 822
1 2383 823
1 2385 824
1 2387 825
1 2406 826
1 2407 827
1 2408 828
1 2409 829
1 2410 830
1 2411 831
1 2413 832
1 2414 833
1 2415 834
1 2416 835
1 2417 836
1 2418 837
1 2420 838
1 2421 839
1 2422 840
1 2423 841
1 2424 842
1 2425 843
1 2430 844
1 2431 845
1 2432 846
1 2464 847
1 2465 848
1 2467 849
1 2469 850
1 2477 851
1 2478 852
1 2479 853
1 2480 854
1 2481 855
1 2482 856
1 2486 857
1 2487 858
1 2488 859
1 2489 860
1 2490 861
1 2491 862
1 2499 863
1 2501 864
1 2503 865
1 2522 866
1 2523 867
1 2524 868
1 2525 869
1 2526 870
1 2527 871
1 2529 872
1 2530 873
1 2531 874
1 2532 875
1 2533 876
1 2534 877
1 2536 878
1 2537 879
1 2538 880
1 2539 881
1 2540 882
1 2541 883
1 2546 884
1 2547 885
1 2548 886
1 2580 887
1 2581 888
1 2583 889
1 2585 890
1 2593 891
1 2594 892
1 2595 893
1 2596 894
1 2597 895
1 2598 896
1 2602 897
1 2603 898
1 2604 899
1 2605 900
1 2606 901
1 2607 902
1 2615 903
1 2617 904
1 2619 905
1 2638 906
1 2639 907
1 2640 908
1 2641 909
1 2642 910
1 2643 911
1 2645 912
1 2646 913
1 2647 914
1 2648 915
1 2649 916
1 2650 917
1 2652 918
1 2653 919
1 2654 920
1 2655 921
1 2656 922
1 2657 923
1 2662 924
1 2663 925
1 2664 926
1 2696 927
1 2697 928
1 2699 929
1 2701 930
1 2709 931
1 2710 932
1 2711 933
1 2712 934
1 2713 935
1 2714 936
1 2718 937
1 2719 938
1 2720 939
1 2721 940
1 2722 941
1 2723 942
1 2731 943
1 2733 944
1 2735 945
1 2754 946
1 2755 947
1 2756 948
1 2757 949
1 2758 950
1 2759 951
1 2761 952
1 2762 953
1 2763 954
1 2764 955
1 2765 956
1 2766 957
1 2768 958
1 2769 959
1 2770 960
1 2771 961
1 2772 962
1 2773 963
1 2778 964
1 2779 965
1 2780 966
1 2812 967
1 2813 968
1 2815 969
1 2817 970
1 2825 971
1 2826 972
1 2827 973
1 2828 974
1 2829 975
1 2830 976
1 2834 977
1 2835 978
1 2836 979
1 2837 980
1 2838 981
1 2839 982
1 2847 983
1 2849 984
1 2851 985
1 2870 986
1 2871 987
1 2872 988
1 2873 989
1 2874 990
1 2875 991
1 2877 992
1 2878 993
1 2879 994
1 2880 995
1 2881 996
1 2882 997
1 2884 998
1 2885 999
1 2886 1000
1 2887 1001
1 2888 1002
1 2889 1003
1 2894 1004
1 2895 1005
1 2896 1006
1 2928 1007
1 2929 1008
1 2931 1009
1 2933 1010
1 2941 1011
1 2942 1012
1 2943 1013
1 2944 1014
1 2945 1015
1 2946 1016
1 2950 1017
1 2951 1018
1 2952 1019
1 2953 1020
1 2954 1021
1 2955 1022
1 2963 1023
1 2965 1024
1 2967 1025
1 2986 1026
1 2987 1027
1 2988 1028
1 2989 1029
1 2990 1030
1 2991 1031
1 2993 1032
1 2994 1033
1 2995 1034
1 2996 1035
1 2997 1036
1 2998 1037
1 3000 1038
1 3001 1039
1 3002 1040
1 3003 1041
1 3004 1042
1 3005 1043
1 3010 1044
1 3011 1045
1 3012 1046
1 3044 1047
1 3045 1048
1 3047 1049
1 3049 1050
1 3057 1051
1 3058 1052
1 3059 1053
1 3060 1054
1 3061 1055
1 3062 1056
1 3066 1057
1 3067 1058
1 3068 1059
1 3069 1060
1 3070 1061
1 3071 1062
1 3079 1063
1 3081 1064
1 3083 1065
1 3102 1066
1 3103 1067
1 3104 1068
1 3105 1069
1 3106 1070
1 3107 1071
1 3109 1072
1 3110 1073
1 3111 1074
1 3112 1075
1 3113 1076
1 3114 1077
1 3116 1078
1 3117 1079
1 3118 1080
1 3119 1081
1 3120 1082
1 3121 1083
1 3126 1084
1 3127 1085
1 3128 1086
1 3160 1087
1 3161 1088
1 3163 1089
1 3165 1090
1 3173 1091
1 3174 1092
1 3175 1093
1 3176 1094
1 3177 1095
1 3178 1096
1 3182 1097
1 3183 1098
1 3184 1099
1 3185 1100
1 3186 1101
1 3187 1102
1 3195 1103
1 3197 1104
1 3199 1105
1 3218 1106
1 3219 1107
1 3220 1108
1 3221 1109
1 3222 1110
1 3223 1111
1 3225 1112
1 3226 1113
1 3227 1114
1 3228 1115
1 3229 1116
1 3230 1117
1 3232 1118
1 3233 1119
1 3234 1120
1 3235 1121
1 3236 1122
1 3237 1123
1 3242 1124
1 3243 1125
1 3244 1126
1 3276 1127
1 3277 1128
1 3279 1129
1 3281 1130
1 3289 1131
1 3290 1132
1 3291 1133
1 3292 1134
1 3293 1135
1 3294 1136
1 3298 1137
1 3299 1138
1 3300 1139
1 3301 1140
1 3302 1141
1 3303 1142
1 3311 1143
1 3313 1144
1 3315 1145
1 3334 1146
1 3335 1147
1 3336 1148
1 3337 1149
1 3338 1150
1 3339 1151
1 3341 1152
1 3342 1153
1 3343 1154
1 3344 1155
1 3345 1156
1 3346 1157
1 3348 1158
1 3349 1159
1 3350 1160
1 3351 1161
1 3352 1162
1 3353 1163
1 3358 1164
1 3359 1165
1 3360 1166
1 3392 1167
1 3393 1168
1 3395 1169
1 3397 1170
1 3405 1171
1 3406 1172
1 3407 1173
1 3408 1174
1 3409 1175
1 3410 1176
1 3414 1177
1 3415 1178
1 3416 1179
1 3417 1180
1 3418 1181
1 3419 1182
1 3427 1183
1 3429 1184
1 3431 1185
1 3450 1186
1 3451 1187
1 3452 1188
1 3453 1189
1 3454 1190
1 3455 1191
1 3457 1192
1 3458 1193
1 3459 1194
1 3460 1195
1 3461 1196
1 3462 1197
1 3464 1198
1 3465 1199
1 3466 1200
1 3467 1201
1 3468 1202
1 3469 1203
1 3474 1204
1 3475 1205
1 3476 1206
1 3508 1207
1 3509 1208
1 3511 1209
1 3513 1210
1 3521 1211
1 3522 1212
1 3523 1213
1 3524 1214
1 3525 1215
1 3526 1216
1 3530 1217
1 3531 1218
1 3532 1219
1 3533 1220
1 3534 1221
1 3535 1222
1 3543 1223
1 3545 1224
1 3547 1225
1 3566 1226
1 3567 1227
1 3568 1228
1 3569 1229
1 3570 1230
1 3571 1231
1 3573 1232
1 3574 1233
1 3575 1234
1 3576 1235
1 3577 1236
1 3578 1237
1 3580 1238
1 3581 1239
1 3582 1240
1 3583 1241
1 3584 1242
1 3585 1243
1 3590 1244
1 3591 1245
1 3592 1246
1 3624 1247
1 3625 1248
1 3627 1249
1 3629 1250
1 3637 1251
1 3638 1252
1 3639 1253
1 3640 1254
1 3641 1255
1 3642 1256
1 3646 1257
1 3647 1258
1 3648 1259
1 3649 1260
1 3650 1261
1 3651 1262
1 3659 1263
1 3661 1264
1 3663 1265
1 3682 1266
1 3683 1267
1 3684 1268
1 3685 1269
1 3686 1270
1 3687 1271
1 3689 1272
1 3690 1273
1 3691 1274
1 3692 1275
1 3693 1276
1 3694 1277
1 3696 1278
1 3697 1279
1 3698 1280
1 3699 1281
1 3700 1282
1 3701 1283
1 3706 1284
1 3707 1285
1 3708 1286
1 3740 1287
1 3741 1288
1 3743 1289
1 3745 1290
1 3753 1291
1 3754 1292
1 3755 1293
1 3756 1294
1 3757 1295
1 3758 1296
1 3762 1297
1 3763 1298
1 3764 1299
1 3765 1300
1 3766 1301
1 3767 1302
1 3775 1303
1 3777 1304
1 3779 1305
1 3798 1306
1 3799 1307
1 3800 1308
1 3801 1309
1 3802 1310
1 3803 1311
1 3805 1312
1 3806 1313
1 3807 1314
1 3808 1315
1 3809 1316
1 3810 1317
1 3812 1318
1 3813 1319
1 3814 1320
1 3815 1321
1 3816 1322
1 3817 1323
1 3822 1324
1 3823 1325
1 3824 1326
1 3856 1327
1 3857 1328
1 3859 1329
1 3861 1330
1 3869 1331
1 3870 1332
1 3871 1333
1 3872 1334
1 3873 1335
1 3874 1336
1 3878 1337
1 3879 1338
1 3880 1339
1 3881 1340
1 3882 1341
1 3883 1342
1 3891 1343
1 3893 1344
1 3895 1345
1 3914 1346
1 3915 1347
1 3916 1348
1 3917 1349
1 3918 1350
1 3919 1351
1 3921 1352
1 3922 1353
1 3923 1354
1 3924 1355
1 3925 1356
1 3926 1357
1 3928 1358
1 3929 1359
1 3930 1360
1 3931 1361
1 3932 1362
1 3933 1363
1 3938 1364
1 3939 1365
1 3940 1366
1 3972 1367
1 3973 1368
1 3975 1369
1 3977 1370
1 3985 1371
1 3986 1372
1 3987 1373
1 3988 1374
1 3989 1375
1 3990 1376
1 3994 1377
1 3995 1378
1 3996 1379
1 3997 1380
1 3998 1381
1 3999 1382
1 4007 1383
1 4009 1384
1 4011 1385
1 4030 1386
1 4031 1387
1 4032 1388
1 4033 1389
1 4034 1390
1 4035 1391
1 4037 1392
1 4038 1393
1 4039 1394
1 4040 1395
1 4041 1396
1 4042 1397
1 4044 1398
1 4045 1399
1 4046 1400
1 4047 1401
1 4048 1402
1 4049 1403
1 4054 1404
1 4055 1405
1 4056 1406
1 4088 1407
1 4089 1408
1 4091 1409
1 4093 1410
1 4101 1411
1 4102 1412
1 4103 1413
1 4104 1414
1 4105 1415
1 4106 1416
1 4110 1417
1 4111 1418
1 4112 1419
1 4113 1420
1 4114 1421
1 4115 1422
1 4123 1423
1 4125 1424
1 4127 1425
1 4146 1426
1 4147 1427
1 4148 1428
1 4149 1429
1 4150 1430
1 4151 1431
1 4153 1432
1 4154 1433
1 4155 1434
1 4156 1435
1 4157 1436
1 4158 1437
1 4160 1438
1 4161 1439
1 4162 1440
1 4163 1441
1 4164 1442
1 4165 1443
1 4170 1444
1 4171 1445
1 4172 1446
1 4204 1447
1 4205 1448
1 4207 1449
1 4209 1450
1 4217 1451
1 4218 1452
1 4219 1453
1 4220 1454
1 4221 1455
1 4222 1456
1 4226 1457
1 4227 1458
1 4228 1459
1 4229 1460
1 4230 1461
1 4231 1462
1 4239 1463
1 4241 1464
1 4243 1465
1 4262 1466
1 4263 1467
1 4264 1468
1 4265 1469
1 4266 1470
1 4267 1471
1 4269 1472
1 4270 1473
1 4271 1474
1 4272 1475
1 4273 1476
1 4274 1477
1 4276 1478
1 4277 1479
1 4278 1480
1 4279 1481
1 4280 1482
1 4281 1483
1 4286 1484
1 4287 1485
1 4288 1486
1 4320 1487
1 4321 1488
1 4323 1489
1 4325 1490
1 4333 1491
1 4334 1492
1 4335 1493
1 4336 1494
1 4337 1495
1 4338 1496
1 4342 1497
1 4343 1498
1 4344 1499
1 4345 1500
1 4346 1501
1 4347 1502
1 4355 1503
1 4357 1504
1 4359 1505
1 4378 1506
1 4379 1507
1 4380 1508
1 4381 1509
1 4382 1510
1 4383 1511
1 4385 1512
1 4386 1513
1 4387 1514
1 4388 1515
1 4389 1516
1 4390 1517
1 4392 1518
1 4393 1519
1 4394 1520
1 4395 1521
1 4396 1522
1 4397 1523
1 4402 1524
1 4403 1525
1 4404 1526
1 4436 1527
1 4437 1528
1 4439 1529
1 4441 1530
1 4449 1531
1 4450 1532
1 4451 1533
1 4452 1534
1 4453 1535
1 4454 1536
1 4458 1537
1 4459 1538
1 4460 1539
1 4461 1540
1 4462 1541
1 4463 1542
1 4471 1543
1 4473 1544
1 4475 1545
1 4494 1546
1 4495 1547
1 4496 1548
1 4497 1549
1 4498 1550
1 4499 1551
1 4501 1552
1 4502 1553
1 4503 1554
1 4504 1555
1 4505 1556
1 4506 1557
1 4508 1558
1 4509 1559
1 4510 1560
1 4511 1561
1 4512 1562
1 4513 1563
1 4518 1564
1 4519 1565
1 4520 1566
1 4552 1567
1 4553 1568
1 4555 1569
1 4557 1570
1 4565 1571
1 4566 1572
1 4567 1573
1 4568 1574
1 4569 1575
1 4570 1576
1 4574 1577
1 4575 1578
1 4576 1579
1 4577 1580
1 4578 1581
1 4579 1582
1 4587 1583
1 4589 1584
1 4591 1585
1 4610 1586
1 4611 1587
1 4612 1588
1 4613 1589
1 4614 1590
1 4615 1591
1 4617 1592
1 4618 1593
1 4619 1594
1 4620 1595
1 4621 1596
1 4622 1597
1 4624 1598
1 4625 1599
1 4626 1600
1 4627 1601
1 4628 1602
1 4629 1603
1 4634 1604
1 4635 1605
1 4636 1606
1 4668 1607
1 4669 1608
1 4671 1609
1 4673 1610
1 4681 1611
1 4682 1612
1 4683 1613
1 4684 1614
1 4685 1615
1 4686 1616
1 4690 1617
1 4691 1618
1 4692 1619
1 4693 1620
1 4694 1621
1 4695 1622
1 4703 1623
1 4705 1624
1 4707 1625
1 4726 1626
1 4727 1627
1 4728 1628
1 4729 1629
1 4730 1630
1 4731 1631
1 4733 1632
1 4734 1633
1 4735 1634
1 4736 1635
1 4737 1636
1 4738 1637
1 4740 1638
1 4741 1639
1 4742 1640
1 4743 1641
1 4744 1642
1 4745 1643
1 4750 1644
1 4751 1645
1 4752 1646
1 4784 1647
1 4785 1648
1 4787 1649
1 4789 1650
1 4797 1651
1 4798 1652
1 4799 1653
1 4800 1654
1 4801 1655
1 4802 1656
1 4806 1657
1 4807 1658
1 4808 1659
1 4809 1660
1 4810 1661
1 4811 1662
1 4819 1663
1 4821 1664
1 4823 1665
1 4842 1666
1 4843 1667
1 4844 1668
1 4845 1669
1 4846 1670
1 4847 1671
1 4849 1672
1 4850 1673
1 4851 1674
1 4852 1675
1 4853 1676
1 4854 1677
1 4856 1678
1 4857 1679
1 4858 1680
1 4859 1681
1 4860 1682
1 4861 1683
1 4866 1684
1 4867 1685
1 4868 1686
1 4900 1687
1 4901 1688
1 4903 1689
1 4905 1690
1 4913 1691
1 4914 1692
1 4915 1693
1 4916 1694
1 4917 1695
1 4918 1696
1 4922 1697
1 4923 1698
1 4924 1699
1 4925 1700
1 4926 1701
1 4927 1702
1 4935 1703
1 4937 1704
1 4939 1705
1 4958 1706
1 4959 1707
1 4960 1708
1 4961 1709
1 4962 1710
1 4963 1711
1 4965 1712
1 4966 1713
1 4967 1714
1 4968 1715
1 4969 1716
1 4970 1717
1 4972 1718
1 4973 1719
1 4974 1720
1 4975 1721
1 4976 1722
1 4977 1723
1 4982 1724
1 4983 1725
1 4984 1726
1 5016 1727
1 5017 1728
1 5019 1729
1 5021 1730
1 5029 1731
1 5030 1732
1 5031 1733
1 5032 1734
1 5033 1735
1 5034 1736
1 5038 1737
1 5039 1738
1 5040 1739
1 5041 1740
1 5042 1741
1 5043 1742
1 5051 1743
1 5053 1744
1 5055 1745
1 5074 1746
1 5075 1747
1 5076 1748
1 5077 1749
1 5078 1750
1 5079 1751
1 5081 1752
1 5082 1753
1 5083 1754
1 5084 1755
1 5085 1756
1 5086 1757
1 5088 1758
1 5089 1759
1 5090 1760
1 5091 1761
1 5092 1762
1 5093 1763
1 5098 1764
1 5099 1765
1 5100 1766
1 5132 1767
1 5133 1768
1 5135 1769
1 5137 1770
1 5145 1771
1 5146 1772
1 5147 1773
1 5148 1774
1 5149 1775
1 5150 1776
1 5154 1777
1 5155 1778
1 5156 1779
1 5157 1780
1 5158 1781
1 5159 1782
1 5167 1783
1 5169 1784
1 5171 1785
1 5190 1786
1 5191 1787
1 5192 1788
1 5193 1789
1 5194 1790
1 5195 1791
1 5197 1792
1 5198 1793
1 5199 1794
1 5200 1795
1 5201 1796
1 5202 1797
1 5204 1798
1 5205 1799
1 5206 1800
1 5207 1801
1 5208 1802
1 5209 1803
1 5214 1804
1 5215 1805
1 5216 1806
1 5248 1807
1 5249 1808
1 5251 1809
1 5253 1810
1 5261 1811
1 5262 1812
1 5263 1813
1 5264 1814
1 5265 1815
1 5266 1816
1 5270 1817
1 5271 1818
1 5272 1819
1 5273 1820
1 5274 1821
1 5275 1822
1 5283 1823
1 5285 1824
1 5287 1825
1 5306 1826
1 5307 1827
1 5308 1828
1 5309 1829
1 5310 1830
1 5311 1831
1 5313 1832
1 5314 1833
1 5315 1834
1 5316 1835
1 5317 1836
1 5318 1837
1 5320 1838
1 5321 1839
1 5322 1840
1 5323 1841
1 5324 1842
1 5325 1843
1 5330 1844
1 5331 1845
1 5332 1846
1 5364 1847
1 5365 1848
1 5367 1849
1 5369 1850
1 5377 1851
1 5378 1852
1 5379 1853
1 5380 1854
1 5381 1855
1 5382 1856
1 5386 1857
1 5387 1858
1 5388 1859
1 5389 1860
1 5390 1861
1 5391 1862
1 5399 1863
1 5401 1864
1 5403 1865
1 5422 1866
1 5423 1867
1 5424 1868
1 5425 1869
1 5426 1870
1 5427 1871
1 5429 1872
1 5430 1873
1 5431 1874
1 5432 1875
1 5433 1876
1 5434 1877
1 5436 1878
1 5437 1879
1 5438 1880
1 5439 1881
1 5440 1882
1 5441 1883
1 5446 1884
1 5447 1885
1 5448 1886
1 5480 1887
1 5481 1888
1 5483 1889
1 5485 1890
1 5493 1891
1 5494 1892
1 5495 1893
1 5496 1894
1 5497 1895
1 5498 1896
1 5502 1897
1 5503 1898
1 5504 1899
1 5505 1900
1 5506 1901
1 5507 1902
1 5515 1903
1 5517 1904
1 5519 1905
1 5538 1906
1 5539 1907
1 5540 1908
1 5541 1909
1 5542 1910
1 5543 1911
1 5545 1912
1 5546 1913
1 5547 1914
1 5548 1915
1 5549 1916
1 5550 1917
1 5552 1918
1 5553 1919
1 5554 1920
1 5555 1921
1 5556 1922
1 5557 1923
1 5562 1924
1 5563 1925
1 5564 1926
1 5596 1927
1 5597 1928
1 5599 1929
1 5601 1930
1 5609 1931
1 5610 1932
1 5611 1933
1 5612 1934
1 5613 1935
1 5614 1936
1 5618 1937
1 5619 1938
1 5620 1939
1 5621 1940
1 5622 1941
1 5623 1942
1 5631 1943
1 5633 1944
1 5635 1945
1 5654 1946
1 5655 1947
1 5656 1948
1 5657 1949
1 5658 1950
1 5659 1951
1 5661 1952
1 5662 1953
1 5663 1954
1 5664 1955
1 5665 1956
1 5666 1957
1 5668 1958
1 5669 1959
1 5670 1960
1 5671 1961
1 5672 1962
1 5673 1963
1 5678 1964
1 5679 1965
1 5680 1966
1 5712 1967
1 5713 1968
1 5715 1969
1 5717 1970
1 5725 1971
1 5726 1972
1 5727 1973
1 5728 1974
1 5729 1975
1 5730 1976
1 5734 1977
1 5735 1978
1 5736 1979
1 5737 1980
1 5738 1981
1 5739 1982
1 5747 1983
1 5749 1984
1 5751 1985
1 5770 1986
1 5771 1987
1 5772 1988
1 5773 1989
1 5774 1990
1 5775 1991
1 5777 1992
1 5778 1993
1 5779 1994
1 5780 1995
1 5781 1996
1 5782 1997
1 5784 1998
1 5785 1999
1 5786 2000
1 5787 2001
1 5788 2002
1 5789 2003
1 5794 2004
1 5795 2005
1 5796 2006
1 5806 0
