117 1 1
3 3 1
24 5 1
26 25 1
28 27 1
30 29 1
37 31 1
38 32 1
39 33 1
40 34 1
41 35 1
42 36 1
43 43 1
44 44 1
45 45 1
88 82 1
88 83 1
88 84 1
88 85 1
88 86 1
88 87 1
95 89 1
95 90 1
95 91 1
95 92 1
95 93 1
95 94 1
102 96 1
102 97 1
102 98 1
102 99 1
102 100 1
102 101 1
113 112 1
116 112 1
117 112 1
116 113 1
117 113 1
116 114 1
117 114 1
116 115 1
117 115 1
117 116 1
118 118 1
119 119 1
234 123 1
125 125 1
144 127 1
146 145 1
148 147 1
150 149 1
157 151 1
158 152 1
159 153 1
160 154 1
161 155 1
162 156 1
163 163 1
164 164 1
165 165 1
208 202 1
208 203 1
208 204 1
208 205 1
208 206 1
208 207 1
215 209 1
215 210 1
215 211 1
215 212 1
215 213 1
215 214 1
222 216 1
222 217 1
222 218 1
222 219 1
222 220 1
222 221 1
230 229 1
233 229 1
234 229 1
233 230 1
234 230 1
233 231 1
234 231 1
233 232 1
234 232 1
234 233 1
235 235 1
236 236 1
350 239 1
241 241 1
260 243 1
262 261 1
264 263 1
266 265 1
273 267 1
274 268 1
275 269 1
276 270 1
277 271 1
278 272 1
279 279 1
280 280 1
281 281 1
324 318 1
324 319 1
324 320 1
324 321 1
324 322 1
324 323 1
331 325 1
331 326 1
331 327 1
331 328 1
331 329 1
331 330 1
338 332 1
338 333 1
338 334 1
338 335 1
338 336 1
338 337 1
346 345 1
349 345 1
350 345 1
349 346 1
350 346 1
349 347 1
350 347 1
349 348 1
350 348 1
350 349 1
351 351 1
352 352 1
466 355 1
357 357 1
376 359 1
378 377 1
380 379 1
382 381 1
389 383 1
390 384 1
391 385 1
392 386 1
393 387 1
394 388 1
395 395 1
396 396 1
397 397 1
440 434 1
440 435 1
440 436 1
440 437 1
440 438 1
440 439 1
447 441 1
447 442 1
447 443 1
447 444 1
447 445 1
447 446 1
454 448 1
454 449 1
454 450 1
454 451 1
454 452 1
454 453 1
462 461 1
465 461 1
466 461 1
465 462 1
466 462 1
465 463 1
466 463 1
465 464 1
466 464 1
466 465 1
467 467 1
468 468 1
582 471 1
473 473 1
492 475 1
494 493 1
496 495 1
498 497 1
505 499 1
506 500 1
507 501 1
508 502 1
509 503 1
510 504 1
511 511 1
512 512 1
513 513 1
556 550 1
556 551 1
556 552 1
556 553 1
556 554 1
556 555 1
563 557 1
563 558 1
563 559 1
563 560 1
563 561 1
563 562 1
570 564 1
570 565 1
570 566 1
570 567 1
570 568 1
570 569 1
578 577 1
581 577 1
582 577 1
581 578 1
582 578 1
581 579 1
582 579 1
581 580 1
582 580 1
582 581 1
583 583 1
584 584 1
698 587 1
589 589 1
608 591 1
610 609 1
612 611 1
614 613 1
621 615 1
622 616 1
623 617 1
624 618 1
625 619 1
626 620 1
627 627 1
628 628 1
629 629 1
672 666 1
672 667 1
672 668 1
672 669 1
672 670 1
672 671 1
679 673 1
679 674 1
679 675 1
679 676 1
679 677 1
679 678 1
686 680 1
686 681 1
686 682 1
686 683 1
686 684 1
686 685 1
694 693 1
697 693 1
698 693 1
697 694 1
698 694 1
697 695 1
698 695 1
697 696 1
698 696 1
698 697 1
699 699 1
700 700 1
814 703 1
705 705 1
724 707 1
726 725 1
728 727 1
730 729 1
737 731 1
738 732 1
739 733 1
740 734 1
741 735 1
742 736 1
743 743 1
744 744 1
745 745 1
788 782 1
788 783 1
788 784 1
788 785 1
788 786 1
788 787 1
795 789 1
795 790 1
795 791 1
795 792 1
795 793 1
795 794 1
802 796 1
802 797 1
802 798 1
802 799 1
802 800 1
802 801 1
810 809 1
813 809 1
814 809 1
813 810 1
814 810 1
813 811 1
814 811 1
813 812 1
814 812 1
814 813 1
815 815 1
816 816 1
930 819 1
821 821 1
840 823 1
842 841 1
844 843 1
846 845 1
853 847 1
854 848 1
855 849 1
856 850 1
857 851 1
858 852 1
859 859 1
860 860 1
861 861 1
904 898 1
904 899 1
904 900 1
904 901 1
904 902 1
904 903 1
911 905 1
911 906 1
911 907 1
911 908 1
911 909 1
911 910 1
918 912 1
918 913 1
918 914 1
918 915 1
918 916 1
918 917 1
926 925 1
929 925 1
930 925 1
929 926 1
930 926 1
929 927 1
930 927 1
929 928 1
930 928 1
930 929 1
931 931 1
932 932 1
1046 935 1
937 937 1
956 939 1
958 957 1
960 959 1
962 961 1
969 963 1
970 964 1
971 965 1
972 966 1
973 967 1
974 968 1
975 975 1
976 976 1
977 977 1
1020 1014 1
1020 1015 1
1020 1016 1
1020 1017 1
1020 1018 1
1020 1019 1
1027 1021 1
1027 1022 1
1027 1023 1
1027 1024 1
1027 1025 1
1027 1026 1
1034 1028 1
1034 1029 1
1034 1030 1
1034 1031 1
1034 1032 1
1034 1033 1
1042 1041 1
1045 1041 1
1046 1041 1
1045 1042 1
1046 1042 1
1045 1043 1
1046 1043 1
1045 1044 1
1046 1044 1
1046 1045 1
1047 1047 1
1048 1048 1
1162 1051 1
1053 1053 1
1072 1055 1
1074 1073 1
1076 1075 1
1078 1077 1
1085 1079 1
1086 1080 1
1087 1081 1
1088 1082 1
1089 1083 1
1090 1084 1
1091 1091 1
1092 1092 1
1093 1093 1
1136 1130 1
1136 1131 1
1136 1132 1
1136 1133 1
1136 1134 1
1136 1135 1
1143 1137 1
1143 1138 1
1143 1139 1
1143 1140 1
1143 1141 1
1143 1142 1
1150 1144 1
1150 1145 1
1150 1146 1
1150 1147 1
1150 1148 1
1150 1149 1
1158 1157 1
1161 1157 1
1162 1157 1
1161 1158 1
1162 1158 1
1161 1159 1
1162 1159 1
1161 1160 1
1162 1160 1
1162 1161 1
1163 1163 1
1164 1164 1
1278 1167 1
1169 1169 1
1188 1171 1
1190 1189 1
1192 1191 1
1194 1193 1
1201 1195 1
1202 1196 1
1203 1197 1
1204 1198 1
1205 1199 1
1206 1200 1
1207 1207 1
1208 1208 1
1209 1209 1
1252 1246 1
1252 1247 1
1252 1248 1
1252 1249 1
1252 1250 1
1252 1251 1
1259 1253 1
1259 1254 1
1259 1255 1
1259 1256 1
1259 1257 1
1259 1258 1
1266 1260 1
1266 1261 1
1266 1262 1
1266 1263 1
1266 1264 1
1266 1265 1
1274 1273 1
1277 1273 1
1278 1273 1
1277 1274 1
1278 1274 1
1277 1275 1
1278 1275 1
1277 1276 1
1278 1276 1
1278 1277 1
1279 1279 1
1280 1280 1
1394 1283 1
1285 1285 1
1304 1287 1
1306 1305 1
1308 1307 1
1310 1309 1
1317 1311 1
1318 1312 1
1319 1313 1
1320 1314 1
1321 1315 1
1322 1316 1
1323 1323 1
1324 1324 1
1325 1325 1
1368 1362 1
1368 1363 1
1368 1364 1
1368 1365 1
1368 1366 1
1368 1367 1
1375 1369 1
1375 1370 1
1375 1371 1
1375 1372 1
1375 1373 1
1375 1374 1
1382 1376 1
1382 1377 1
1382 1378 1
1382 1379 1
1382 1380 1
1382 1381 1
1390 1389 1
1393 1389 1
1394 1389 1
1393 1390 1
1394 1390 1
1393 1391 1
1394 1391 1
1393 1392 1
1394 1392 1
1394 1393 1
1395 1395 1
1396 1396 1
1510 1399 1
1401 1401 1
1420 1403 1
1422 1421 1
1424 1423 1
1426 1425 1
1433 1427 1
1434 1428 1
1435 1429 1
1436 1430 1
1437 1431 1
1438 1432 1
1439 1439 1
1440 1440 1
1441 1441 1
1484 1478 1
1484 1479 1
1484 1480 1
1484 1481 1
1484 1482 1
1484 1483 1
1491 1485 1
1491 1486 1
1491 1487 1
1491 1488 1
1491 1489 1
1491 1490 1
1498 1492 1
1498 1493 1
1498 1494 1
1498 1495 1
1498 1496 1
1498 1497 1
1506 1505 1
1509 1505 1
1510 1505 1
1509 1506 1
1510 1506 1
1509 1507 1
1510 1507 1
1509 1508 1
1510 1508 1
1510 1509 1
1511 1511 1
1512 1512 1
1626 1515 1
1517 1517 1
1536 1519 1
1538 1537 1
1540 1539 1
1542 1541 1
1549 1543 1
1550 1544 1
1551 1545 1
1552 1546 1
1553 1547 1
1554 1548 1
1555 1555 1
1556 1556 1
1557 1557 1
1600 1594 1
1600 1595 1
1600 1596 1
1600 1597 1
1600 1598 1
1600 1599 1
1607 1601 1
1607 1602 1
1607 1603 1
1607 1604 1
1607 1605 1
1607 1606 1
1614 1608 1
1614 1609 1
1614 1610 1
1614 1611 1
1614 1612 1
1614 1613 1
1622 1621 1
1625 1621 1
1626 1621 1
1625 1622 1
1626 1622 1
1625 1623 1
1626 1623 1
1625 1624 1
1626 1624 1
1626 1625 1
1627 1627 1
1628 1628 1
1742 1631 1
1633 1633 1
1652 1635 1
1654 1653 1
1656 1655 1
1658 1657 1
1665 1659 1
1666 1660 1
1667 1661 1
1668 1662 1
1669 1663 1
1670 1664 1
1671 1671 1
1672 1672 1
1673 1673 1
1716 1710 1
1716 1711 1
1716 1712 1
1716 1713 1
1716 1714 1
1716 1715 1
1723 1717 1
1723 1718 1
1723 1719 1
1723 1720 1
1723 1721 1
1723 1722 1
1730 1724 1
1730 1725 1
1730 1726 1
1730 1727 1
1730 1728 1
1730 1729 1
1738 1737 1
1741 1737 1
1742 1737 1
1741 1738 1
1742 1738 1
1741 1739 1
1742 1739 1
1741 1740 1
1742 1740 1
1742 1741 1
1743 1743 1
1744 1744 1
1858 1747 1
1749 1749 1
1768 1751 1
1770 1769 1
1772 1771 1
1774 1773 1
1781 1775 1
1782 1776 1
1783 1777 1
1784 1778 1
1785 1779 1
1786 1780 1
1787 1787 1
1788 1788 1
1789 1789 1
1832 1826 1
1832 1827 1
1832 1828 1
1832 1829 1
1832 1830 1
1832 1831 1
1839 1833 1
1839 1834 1
1839 1835 1
1839 1836 1
1839 1837 1
1839 1838 1
1846 1840 1
1846 1841 1
1846 1842 1
1846 1843 1
1846 1844 1
1846 1845 1
1854 1853 1
1857 1853 1
1858 1853 1
1857 1854 1
1858 1854 1
1857 1855 1
1858 1855 1
1857 1856 1
1858 1856 1
1858 1857 1
1859 1859 1
1860 1860 1
1974 1863 1
1865 1865 1
1884 1867 1
1886 1885 1
1888 1887 1
1890 1889 1
1897 1891 1
1898 1892 1
1899 1893 1
1900 1894 1
1901 1895 1
1902 1896 1
1903 1903 1
1904 1904 1
1905 1905 1
1948 1942 1
1948 1943 1
1948 1944 1
1948 1945 1
1948 1946 1
1948 1947 1
1955 1949 1
1955 1950 1
1955 1951 1
1955 1952 1
1955 1953 1
1955 1954 1
1962 1956 1
1962 1957 1
1962 1958 1
1962 1959 1
1962 1960 1
1962 1961 1
1970 1969 1
1973 1969 1
1974 1969 1
1973 1970 1
1974 1970 1
1973 1971 1
1974 1971 1
1973 1972 1
1974 1972 1
1974 1973 1
1975 1975 1
1976 1976 1
2090 1979 1
1981 1981 1
2000 1983 1
2002 2001 1
2004 2003 1
2006 2005 1
2013 2007 1
2014 2008 1
2015 2009 1
2016 2010 1
2017 2011 1
2018 2012 1
2019 2019 1
2020 2020 1
2021 2021 1
2064 2058 1
2064 2059 1
2064 2060 1
2064 2061 1
2064 2062 1
2064 2063 1
2071 2065 1
2071 2066 1
2071 2067 1
2071 2068 1
2071 2069 1
2071 2070 1
2078 2072 1
2078 2073 1
2078 2074 1
2078 2075 1
2078 2076 1
2078 2077 1
2086 2085 1
2089 2085 1
2090 2085 1
2089 2086 1
2090 2086 1
2089 2087 1
2090 2087 1
2089 2088 1
2090 2088 1
2090 2089 1
2091 2091 1
2092 2092 1
2206 2095 1
2097 2097 1
2116 2099 1
2118 2117 1
2120 2119 1
2122 2121 1
2129 2123 1
2130 2124 1
2131 2125 1
2132 2126 1
2133 2127 1
2134 2128 1
2135 2135 1
2136 2136 1
2137 2137 1
2180 2174 1
2180 2175 1
2180 2176 1
2180 2177 1
2180 2178 1
2180 2179 1
2187 2181 1
2187 2182 1
2187 2183 1
2187 2184 1
2187 2185 1
2187 2186 1
2194 2188 1
2194 2189 1
2194 2190 1
2194 2191 1
2194 2192 1
2194 2193 1
2202 2201 1
2205 2201 1
2206 2201 1
2205 2202 1
2206 2202 1
2205 2203 1
2206 2203 1
2205 2204 1
2206 2204 1
2206 2205 1
2207 2207 1
2208 2208 1
2322 2211 1
2213 2213 1
2232 2215 1
2234 2233 1
2236 2235 1
2238 2237 1
2245 2239 1
2246 2240 1
2247 2241 1
2248 2242 1
2249 2243 1
2250 2244 1
2251 2251 1
2252 2252 1
2253 2253 1
2296 2290 1
2296 2291 1
2296 2292 1
2296 2293 1
2296 2294 1
2296 2295 1
2303 2297 1
2303 2298 1
2303 2299 1
2303 2300 1
2303 2301 1
2303 2302 1
2310 2304 1
2310 2305 1
2310 2306 1
2310 2307 1
2310 2308 1
2310 2309 1
2318 2317 1
2321 2317 1
2322 2317 1
2321 2318 1
2322 2318 1
2321 2319 1
2322 2319 1
2321 2320 1
2322 2320 1
2322 2321 1
2323 2323 1
2324 2324 1
2438 2327 1
2329 2329 1
2348 2331 1
2350 2349 1
2352 2351 1
2354 2353 1
2361 2355 1
2362 2356 1
2363 2357 1
2364 2358 1
2365 2359 1
2366 2360 1
2367 2367 1
2368 2368 1
2369 2369 1
2412 2406 1
2412 2407 1
2412 2408 1
2412 2409 1
2412 2410 1
2412 2411 1
2419 2413 1
2419 2414 1
2419 2415 1
2419 2416 1
2419 2417 1
2419 2418 1
2426 2420 1
2426 2421 1
2426 2422 1
2426 2423 1
2426 2424 1
2426 2425 1
2434 2433 1
2437 2433 1
2438 2433 1
2437 2434 1
2438 2434 1
2437 2435 1
2438 2435 1
2437 2436 1
2438 2436 1
2438 2437 1
2439 2439 1
2440 2440 1
2554 2443 1
2445 2445 1
2464 2447 1
2466 2465 1
2468 2467 1
2470 2469 1
2477 2471 1
2478 2472 1
2479 2473 1
2480 2474 1
2481 2475 1
2482 2476 1
2483 2483 1
2484 2484 1
2485 2485 1
2528 2522 1
2528 2523 1
2528 2524 1
2528 2525 1
2528 2526 1
2528 2527 1
2535 2529 1
2535 2530 1
2535 2531 1
2535 2532 1
2535 2533 1
2535 2534 1
2542 2536 1
2542 2537 1
2542 2538 1
2542 2539 1
2542 2540 1
2542 2541 1
2550 2549 1
2553 2549 1
2554 2549 1
2553 2550 1
2554 2550 1
2553 2551 1
2554 2551 1
2553 2552 1
2554 2552 1
2554 2553 1
2555 2555 1
2556 2556 1
2670 2559 1
2561 2561 1
2580 2563 1
2582 2581 1
2584 2583 1
2586 2585 1
2593 2587 1
2594 2588 1
2595 2589 1
2596 2590 1
2597 2591 1
2598 2592 1
2599 2599 1
2600 2600 1
2601 2601 1
2644 2638 1
2644 2639 1
2644 2640 1
2644 2641 1
2644 2642 1
2644 2643 1
2651 2645 1
2651 2646 1
2651 2647 1
2651 2648 1
2651 2649 1
2651 2650 1
2658 2652 1
2658 2653 1
2658 2654 1
2658 2655 1
2658 2656 1
2658 2657 1
2666 2665 1
2669 2665 1
2670 2665 1
2669 2666 1
2670 2666 1
2669 2667 1
2670 2667 1
2669 2668 1
2670 2668 1
2670 2669 1
2671 2671 1
2672 2672 1
2786 2675 1
2677 2677 1
2696 2679 1
2698 2697 1
2700 2699 1
2702 2701 1
2709 2703 1
2710 2704 1
2711 2705 1
2712 2706 1
2713 2707 1
2714 2708 1
2715 2715 1
2716 2716 1
2717 2717 1
2760 2754 1
2760 2755 1
2760 2756 1
2760 2757 1
2760 2758 1
2760 2759 1
2767 2761 1
2767 2762 1
2767 2763 1
2767 2764 1
2767 2765 1
2767 2766 1
2774 2768 1
2774 2769 1
2774 2770 1
2774 2771 1
2774 2772 1
2774 2773 1
2782 2781 1
2785 2781 1
2786 2781 1
2785 2782 1
2786 2782 1
2785 2783 1
2786 2783 1
2785 2784 1
2786 2784 1
2786 2785 1
2787 2787 1
2788 2788 1
2902 2791 1
2793 2793 1
2812 2795 1
2814 2813 1
2816 2815 1
2818 2817 1
2825 2819 1
2826 2820 1
2827 2821 1
2828 2822 1
2829 2823 1
2830 2824 1
2831 2831 1
2832 2832 1
2833 2833 1
2876 2870 1
2876 2871 1
2876 2872 1
2876 2873 1
2876 2874 1
2876 2875 1
2883 2877 1
2883 2878 1
2883 2879 1
2883 2880 1
2883 2881 1
2883 2882 1
2890 2884 1
2890 2885 1
2890 2886 1
2890 2887 1
2890 2888 1
2890 2889 1
2898 2897 1
2901 2897 1
2902 2897 1
2901 2898 1
2902 2898 1
2901 2899 1
2902 2899 1
2901 2900 1
2902 2900 1
2902 2901 1
2903 2903 1
2904 2904 1
3018 2907 1
2909 2909 1
2928 2911 1
2930 2929 1
2932 2931 1
2934 2933 1
2941 2935 1
2942 2936 1
2943 2937 1
2944 2938 1
2945 2939 1
2946 2940 1
2947 2947 1
2948 2948 1
2949 2949 1
2992 2986 1
2992 2987 1
2992 2988 1
2992 2989 1
2992 2990 1
2992 2991 1
2999 2993 1
2999 2994 1
2999 2995 1
2999 2996 1
2999 2997 1
2999 2998 1
3006 3000 1
3006 3001 1
3006 3002 1
3006 3003 1
3006 3004 1
3006 3005 1
3014 3013 1
3017 3013 1
3018 3013 1
3017 3014 1
3018 3014 1
3017 3015 1
3018 3015 1
3017 3016 1
3018 3016 1
3018 3017 1
3019 3019 1
3020 3020 1
3134 3023 1
3025 3025 1
3044 3027 1
3046 3045 1
3048 3047 1
3050 3049 1
3057 3051 1
3058 3052 1
3059 3053 1
3060 3054 1
3061 3055 1
3062 3056 1
3063 3063 1
3064 3064 1
3065 3065 1
3108 3102 1
3108 3103 1
3108 3104 1
3108 3105 1
3108 3106 1
3108 3107 1
3115 3109 1
3115 3110 1
3115 3111 1
3115 3112 1
3115 3113 1
3115 3114 1
3122 3116 1
3122 3117 1
3122 3118 1
3122 3119 1
3122 3120 1
3122 3121 1
3130 3129 1
3133 3129 1
3134 3129 1
3133 3130 1
3134 3130 1
3133 3131 1
3134 3131 1
3133 3132 1
3134 3132 1
3134 3133 1
3135 3135 1
3136 3136 1
3250 3139 1
3141 3141 1
3160 3143 1
3162 3161 1
3164 3163 1
3166 3165 1
3173 3167 1
3174 3168 1
3175 3169 1
3176 3170 1
3177 3171 1
3178 3172 1
3179 3179 1
3180 3180 1
3181 3181 1
3224 3218 1
3224 3219 1
3224 3220 1
3224 3221 1
3224 3222 1
3224 3223 1
3231 3225 1
3231 3226 1
3231 3227 1
3231 3228 1
3231 3229 1
3231 3230 1
3238 3232 1
3238 3233 1
3238 3234 1
3238 3235 1
3238 3236 1
3238 3237 1
3246 3245 1
3249 3245 1
3250 3245 1
3249 3246 1
3250 3246 1
3249 3247 1
3250 3247 1
3249 3248 1
3250 3248 1
3250 3249 1
3251 3251 1
3252 3252 1
3366 3255 1
3257 3257 1
3276 3259 1
3278 3277 1
3280 3279 1
3282 3281 1
3289 3283 1
3290 3284 1
3291 3285 1
3292 3286 1
3293 3287 1
3294 3288 1
3295 3295 1
3296 3296 1
3297 3297 1
3340 3334 1
3340 3335 1
3340 3336 1
3340 3337 1
3340 3338 1
3340 3339 1
3347 3341 1
3347 3342 1
3347 3343 1
3347 3344 1
3347 3345 1
3347 3346 1
3354 3348 1
3354 3349 1
3354 3350 1
3354 3351 1
3354 3352 1
3354 3353 1
3362 3361 1
3365 3361 1
3366 3361 1
3365 3362 1
3366 3362 1
3365 3363 1
3366 3363 1
3365 3364 1
3366 3364 1
3366 3365 1
3367 3367 1
3368 3368 1
3482 3371 1
3373 3373 1
3392 3375 1
3394 3393 1
3396 3395 1
3398 3397 1
3405 3399 1
3406 3400 1
3407 3401 1
3408 3402 1
3409 3403 1
3410 3404 1
3411 3411 1
3412 3412 1
3413 3413 1
3456 3450 1
3456 3451 1
3456 3452 1
3456 3453 1
3456 3454 1
3456 3455 1
3463 3457 1
3463 3458 1
3463 3459 1
3463 3460 1
3463 3461 1
3463 3462 1
3470 3464 1
3470 3465 1
3470 3466 1
3470 3467 1
3470 3468 1
3470 3469 1
3478 3477 1
3481 3477 1
3482 3477 1
3481 3478 1
3482 3478 1
3481 3479 1
3482 3479 1
3481 3480 1
3482 3480 1
3482 3481 1
3483 3483 1
3484 3484 1
3598 3487 1
3489 3489 1
3508 3491 1
3510 3509 1
3512 3511 1
3514 3513 1
3521 3515 1
3522 3516 1
3523 3517 1
3524 3518 1
3525 3519 1
3526 3520 1
3527 3527 1
3528 3528 1
3529 3529 1
3572 3566 1
3572 3567 1
3572 3568 1
3572 3569 1
3572 3570 1
3572 3571 1
3579 3573 1
3579 3574 1
3579 3575 1
3579 3576 1
3579 3577 1
3579 3578 1
3586 3580 1
3586 3581 1
3586 3582 1
3586 3583 1
3586 3584 1
3586 3585 1
3594 3593 1
3597 3593 1
3598 3593 1
3597 3594 1
3598 3594 1
3597 3595 1
3598 3595 1
3597 3596 1
3598 3596 1
3598 3597 1
3599 3599 1
3600 3600 1
3714 3603 1
3605 3605 1
3624 3607 1
3626 3625 1
3628 3627 1
3630 3629 1
3637 3631 1
3638 3632 1
3639 3633 1
3640 3634 1
3641 3635 1
3642 3636 1
3643 3643 1
3644 3644 1
3645 3645 1
3688 3682 1
3688 3683 1
3688 3684 1
3688 3685 1
3688 3686 1
3688 3687 1
3695 3689 1
3695 3690 1
3695 3691 1
3695 3692 1
3695 3693 1
3695 3694 1
3702 3696 1
3702 3697 1
3702 3698 1
3702 3699 1
3702 3700 1
3702 3701 1
3710 3709 1
3713 3709 1
3714 3709 1
3713 3710 1
3714 3710 1
3713 3711 1
3714 3711 1
3713 3712 1
3714 3712 1
3714 3713 1
3715 3715 1
3716 3716 1
3830 3719 1
3721 3721 1
3740 3723 1
3742 3741 1
3744 3743 1
3746 3745 1
3753 3747 1
3754 3748 1
3755 3749 1
3756 3750 1
3757 3751 1
3758 3752 1
3759 3759 1
3760 3760 1
3761 3761 1
3804 3798 1
3804 3799 1
3804 3800 1
3804 3801 1
3804 3802 1
3804 3803 1
3811 3805 1
3811 3806 1
3811 3807 1
3811 3808 1
3811 3809 1
3811 3810 1
3818 3812 1
3818 3813 1
3818 3814 1
3818 3815 1
3818 3816 1
3818 3817 1
3826 3825 1
3829 3825 1
3830 3825 1
3829 3826 1
3830 3826 1
3829 3827 1
3830 3827 1
3829 3828 1
3830 3828 1
3830 3829 1
3831 3831 1
3832 3832 1
3946 3835 1
3837 3837 1
3856 3839 1
3858 3857 1
3860 3859 1
3862 3861 1
3869 3863 1
3870 3864 1
3871 3865 1
3872 3866 1
3873 3867 1
3874 3868 1
3875 3875 1
3876 3876 1
3877 3877 1
3920 3914 1
3920 3915 1
3920 3916 1
3920 3917 1
3920 3918 1
3920 3919 1
3927 3921 1
3927 3922 1
3927 3923 1
3927 3924 1
3927 3925 1
3927 3926 1
3934 3928 1
3934 3929 1
3934 3930 1
3934 3931 1
3934 3932 1
3934 3933 1
3942 3941 1
3945 3941 1
3946 3941 1
3945 3942 1
3946 3942 1
3945 3943 1
3946 3943 1
3945 3944 1
3946 3944 1
3946 3945 1
3947 3947 1
3948 3948 1
4062 3951 1
3953 3953 1
3972 3955 1
3974 3973 1
3976 3975 1
3978 3977 1
3985 3979 1
3986 3980 1
3987 3981 1
3988 3982 1
3989 3983 1
3990 3984 1
3991 3991 1
3992 3992 1
3993 3993 1
4036 4030 1
4036 4031 1
4036 4032 1
4036 4033 1
4036 4034 1
4036 4035 1
4043 4037 1
4043 4038 1
4043 4039 1
4043 4040 1
4043 4041 1
4043 4042 1
4050 4044 1
4050 4045 1
4050 4046 1
4050 4047 1
4050 4048 1
4050 4049 1
4058 4057 1
4061 4057 1
4062 4057 1
4061 4058 1
4062 4058 1
4061 4059 1
4062 4059 1
4061 4060 1
4062 4060 1
4062 4061 1
4063 4063 1
4064 4064 1
4178 4067 1
4069 4069 1
4088 4071 1
4090 4089 1
4092 4091 1
4094 4093 1
4101 4095 1
4102 4096 1
4103 4097 1
4104 4098 1
4105 4099 1
4106 4100 1
4107 4107 1
4108 4108 1
4109 4109 1
4152 4146 1
4152 4147 1
4152 4148 1
4152 4149 1
4152 4150 1
4152 4151 1
4159 4153 1
4159 4154 1
4159 4155 1
4159 4156 1
4159 4157 1
4159 4158 1
4166 4160 1
4166 4161 1
4166 4162 1
4166 4163 1
4166 4164 1
4166 4165 1
4174 4173 1
4177 4173 1
4178 4173 1
4177 4174 1
4178 4174 1
4177 4175 1
4178 4175 1
4177 4176 1
4178 4176 1
4178 4177 1
4179 4179 1
4180 4180 1
4294 4183 1
4185 4185 1
4204 4187 1
4206 4205 1
4208 4207 1
4210 4209 1
4217 4211 1
4218 4212 1
4219 4213 1
4220 4214 1
4221 4215 1
4222 4216 1
4223 4223 1
4224 4224 1
4225 4225 1
4268 4262 1
4268 4263 1
4268 4264 1
4268 4265 1
4268 4266 1
4268 4267 1
4275 4269 1
4275 4270 1
4275 4271 1
4275 4272 1
4275 4273 1
4275 4274 1
4282 4276 1
4282 4277 1
4282 4278 1
4282 4279 1
4282 4280 1
4282 4281 1
4290 4289 1
4293 4289 1
4294 4289 1
4293 4290 1
4294 4290 1
4293 4291 1
4294 4291 1
4293 4292 1
4294 4292 1
4294 4293 1
4295 4295 1
4296 4296 1
4410 4299 1
4301 4301 1
4320 4303 1
4322 4321 1
4324 4323 1
4326 4325 1
4333 4327 1
4334 4328 1
4335 4329 1
4336 4330 1
4337 4331 1
4338 4332 1
4339 4339 1
4340 4340 1
4341 4341 1
4384 4378 1
4384 4379 1
4384 4380 1
4384 4381 1
4384 4382 1
4384 4383 1
4391 4385 1
4391 4386 1
4391 4387 1
4391 4388 1
4391 4389 1
4391 4390 1
4398 4392 1
4398 4393 1
4398 4394 1
4398 4395 1
4398 4396 1
4398 4397 1
4406 4405 1
4409 4405 1
4410 4405 1
4409 4406 1
4410 4406 1
4409 4407 1
4410 4407 1
4409 4408 1
4410 4408 1
4410 4409 1
4411 4411 1
4412 4412 1
4526 4415 1
4417 4417 1
4436 4419 1
4438 4437 1
4440 4439 1
4442 4441 1
4449 4443 1
4450 4444 1
4451 4445 1
4452 4446 1
4453 4447 1
4454 4448 1
4455 4455 1
4456 4456 1
4457 4457 1
4500 4494 1
4500 4495 1
4500 4496 1
4500 4497 1
4500 4498 1
4500 4499 1
4507 4501 1
4507 4502 1
4507 4503 1
4507 4504 1
4507 4505 1
4507 4506 1
4514 4508 1
4514 4509 1
4514 4510 1
4514 4511 1
4514 4512 1
4514 4513 1
4522 4521 1
4525 4521 1
4526 4521 1
4525 4522 1
4526 4522 1
4525 4523 1
4526 4523 1
4525 4524 1
4526 4524 1
4526 4525 1
4527 4527 1
4528 4528 1
4642 4531 1
4533 4533 1
4552 4535 1
4554 4553 1
4556 4555 1
4558 4557 1
4565 4559 1
4566 4560 1
4567 4561 1
4568 4562 1
4569 4563 1
4570 4564 1
4571 4571 1
4572 4572 1
4573 4573 1
4616 4610 1
4616 4611 1
4616 4612 1
4616 4613 1
4616 4614 1
4616 4615 1
4623 4617 1
4623 4618 1
4623 4619 1
4623 4620 1
4623 4621 1
4623 4622 1
4630 4624 1
4630 4625 1
4630 4626 1
4630 4627 1
4630 4628 1
4630 4629 1
4638 4637 1
4641 4637 1
4642 4637 1
4641 4638 1
4642 4638 1
4641 4639 1
4642 4639 1
4641 4640 1
4642 4640 1
4642 4641 1
4643 4643 1
4644 4644 1
4758 4647 1
4649 4649 1
4668 4651 1
4670 4669 1
4672 4671 1
4674 4673 1
4681 4675 1
4682 4676 1
4683 4677 1
4684 4678 1
4685 4679 1
4686 4680 1
4687 4687 1
4688 4688 1
4689 4689 1
4732 4726 1
4732 4727 1
4732 4728 1
4732 4729 1
4732 4730 1
4732 4731 1
4739 4733 1
4739 4734 1
4739 4735 1
4739 4736 1
4739 4737 1
4739 4738 1
4746 4740 1
4746 4741 1
4746 4742 1
4746 4743 1
4746 4744 1
4746 4745 1
4754 4753 1
4757 4753 1
4758 4753 1
4757 4754 1
4758 4754 1
4757 4755 1
4758 4755 1
4757 4756 1
4758 4756 1
4758 4757 1
4759 4759 1
4760 4760 1
4874 4763 1
4765 4765 1
4784 4767 1
4786 4785 1
4788 4787 1
4790 4789 1
4797 4791 1
4798 4792 1
4799 4793 1
4800 4794 1
4801 4795 1
4802 4796 1
4803 4803 1
4804 4804 1
4805 4805 1
4848 4842 1
4848 4843 1
4848 4844 1
4848 4845 1
4848 4846 1
4848 4847 1
4855 4849 1
4855 4850 1
4855 4851 1
4855 4852 1
4855 4853 1
4855 4854 1
4862 4856 1
4862 4857 1
4862 4858 1
4862 4859 1
4862 4860 1
4862 4861 1
4870 4869 1
4873 4869 1
4874 4869 1
4873 4870 1
4874 4870 1
4873 4871 1
4874 4871 1
4873 4872 1
4874 4872 1
4874 4873 1
4875 4875 1
4876 4876 1
4990 4879 1
4881 4881 1
4900 4883 1
4902 4901 1
4904 4903 1
4906 4905 1
4913 4907 1
4914 4908 1
4915 4909 1
4916 4910 1
4917 4911 1
4918 4912 1
4919 4919 1
4920 4920 1
4921 4921 1
4964 4958 1
4964 4959 1
4964 4960 1
4964 4961 1
4964 4962 1
4964 4963 1
4971 4965 1
4971 4966 1
4971 4967 1
4971 4968 1
4971 4969 1
4971 4970 1
4978 4972 1
4978 4973 1
4978 4974 1
4978 4975 1
4978 4976 1
4978 4977 1
4986 4985 1
4989 4985 1
4990 4985 1
4989 4986 1
4990 4986 1
4989 4987 1
4990 4987 1
4989 4988 1
4990 4988 1
4990 4989 1
4991 4991 1
4992 4992 1
5106 4995 1
4997 4997 1
5016 4999 1
5018 5017 1
5020 5019 1
5022 5021 1
5029 5023 1
5030 5024 1
5031 5025 1
5032 5026 1
5033 5027 1
5034 5028 1
5035 5035 1
5036 5036 1
5037 5037 1
5080 5074 1
5080 5075 1
5080 5076 1
5080 5077 1
5080 5078 1
5080 5079 1
5087 5081 1
5087 5082 1
5087 5083 1
5087 5084 1
5087 5085 1
5087 5086 1
5094 5088 1
5094 5089 1
5094 5090 1
5094 5091 1
5094 5092 1
5094 5093 1
5102 5101 1
5105 5101 1
5106 5101 1
5105 5102 1
5106 5102 1
5105 5103 1
5106 5103 1
5105 5104 1
5106 5104 1
5106 5105 1
5107 5107 1
5108 5108 1
5222 5111 1
5113 5113 1
5132 5115 1
5134 5133 1
5136 5135 1
5138 5137 1
5145 5139 1
5146 5140 1
5147 5141 1
5148 5142 1
5149 5143 1
5150 5144 1
5151 5151 1
5152 5152 1
5153 5153 1
5196 5190 1
5196 5191 1
5196 5192 1
5196 5193 1
5196 5194 1
5196 5195 1
5203 5197 1
5203 5198 1
5203 5199 1
5203 5200 1
5203 5201 1
5203 5202 1
5210 5204 1
5210 5205 1
5210 5206 1
5210 5207 1
5210 5208 1
5210 5209 1
5218 5217 1
5221 5217 1
5222 5217 1
5221 5218 1
5222 5218 1
5221 5219 1
5222 5219 1
5221 5220 1
5222 5220 1
5222 5221 1
5223 5223 1
5224 5224 1
5338 5227 1
5229 5229 1
5248 5231 1
5250 5249 1
5252 5251 1
5254 5253 1
5261 5255 1
5262 5256 1
5263 5257 1
5264 5258 1
5265 5259 1
5266 5260 1
5267 5267 1
5268 5268 1
5269 5269 1
5312 5306 1
5312 5307 1
5312 5308 1
5312 5309 1
5312 5310 1
5312 5311 1
5319 5313 1
5319 5314 1
5319 5315 1
5319 5316 1
5319 5317 1
5319 5318 1
5326 5320 1
5326 5321 1
5326 5322 1
5326 5323 1
5326 5324 1
5326 5325 1
5334 5333 1
5337 5333 1
5338 5333 1
5337 5334 1
5338 5334 1
5337 5335 1
5338 5335 1
5337 5336 1
5338 5336 1
5338 5337 1
5339 5339 1
5340 5340 1
5454 5343 1
5345 5345 1
5364 5347 1
5366 5365 1
5368 5367 1
5370 5369 1
5377 5371 1
5378 5372 1
5379 5373 1
5380 5374 1
5381 5375 1
5382 5376 1
5383 5383 1
5384 5384 1
5385 5385 1
5428 5422 1
5428 5423 1
5428 5424 1
5428 5425 1
5428 5426 1
5428 5427 1
5435 5429 1
5435 5430 1
5435 5431 1
5435 5432 1
5435 5433 1
5435 5434 1
5442 5436 1
5442 5437 1
5442 5438 1
5442 5439 1
5442 5440 1
5442 5441 1
5450 5449 1
5453 5449 1
5454 5449 1
5453 5450 1
5454 5450 1
5453 5451 1
5454 5451 1
5453 5452 1
5454 5452 1
5454 5453 1
5455 5455 1
5456 5456 1
5570 5459 1
5461 5461 1
5480 5463 1
5482 5481 1
5484 5483 1
5486 5485 1
5493 5487 1
5494 5488 1
5495 5489 1
5496 5490 1
5497 5491 1
5498 5492 1
5499 5499 1
5500 5500 1
5501 5501 1
5544 5538 1
5544 5539 1
5544 5540 1
5544 5541 1
5544 5542 1
5544 5543 1
5551 5545 1
5551 5546 1
5551 5547 1
5551 5548 1
5551 5549 1
5551 5550 1
5558 5552 1
5558 5553 1
5558 5554 1
5558 5555 1
5558 5556 1
5558 5557 1
5566 5565 1
5569 5565 1
5570 5565 1
5569 5566 1
5570 5566 1
5569 5567 1
5570 5567 1
5569 5568 1
5570 5568 1
5570 5569 1
5571 5571 1
5572 5572 1
5686 5575 1
5577 5577 1
5596 5579 1
5598 5597 1
5600 5599 1
5602 5601 1
5609 5603 1
5610 5604 1
5611 5605 1
5612 5606 1
5613 5607 1
5614 5608 1
5615 5615 1
5616 5616 1
5617 5617 1
5660 5654 1
5660 5655 1
5660 5656 1
5660 5657 1
5660 5658 1
5660 5659 1
5667 5661 1
5667 5662 1
5667 5663 1
5667 5664 1
5667 5665 1
5667 5666 1
5674 5668 1
5674 5669 1
5674 5670 1
5674 5671 1
5674 5672 1
5674 5673 1
5682 5681 1
5685 5681 1
5686 5681 1
5685 5682 1
5686 5682 1
5685 5683 1
5686 5683 1
5685 5684 1
5686 5684 1
5686 5685 1
5687 5687 1
5688 5688 1
5802 5691 1
5693 5693 1
5712 5695 1
5714 5713 1
5716 5715 1
5718 5717 1
5725 5719 1
5726 5720 1
5727 5721 1
5728 5722 1
5729 5723 1
5730 5724 1
5731 5731 1
5732 5732 1
5733 5733 1
5776 5770 1
5776 5771 1
5776 5772 1
5776 5773 1
5776 5774 1
5776 5775 1
5783 5777 1
5783 5778 1
5783 5779 1
5783 5780 1
5783 5781 1
5783 5782 1
5790 5784 1
5790 5785 1
5790 5786 1
5790 5787 1
5790 5788 1
5790 5789 1
5798 5797 1
5801 5797 1
5802 5797 1
5801 5798 1
5802 5798 1
5801 5799 1
5802 5799 1
5801 5800 1
5802 5800 1
5802 5801 1
5803 5803 1
5804 5804 1
5806 5806 0
