722 1 1
713 2 1
658 3 1
659 4 1
660 5 1
661 6 1
662 7 1
663 8 1
664 9 1
665 10 1
666 11 1
667 12 1
668 13 1
669 14 1
670 15 1
689 16 1
690 17 1
691 18 1
692 19 1
693 20 1
694 21 1
695 22 1
696 23 1
697 24 1
698 25 1
699 26 1
700 27 1
701 28 1
702 29 1
703 30 1
704 31 1
705 32 1
706 33 1
710 34 1
710 35 1
710 36 1
710 37 1
710 38 1
711 39 1
711 40 1
712 41 1
712 42 1
710 43 1
711 43 1
712 43 1
715 44 1
716 45 1
795 46 1
786 47 1
731 48 1
732 49 1
733 50 1
734 51 1
735 52 1
736 53 1
737 54 1
738 55 1
739 56 1
740 57 1
741 58 1
742 59 1
743 60 1
762 61 1
763 62 1
764 63 1
765 64 1
766 65 1
767 66 1
768 67 1
769 68 1
770 69 1
771 70 1
772 71 1
773 72 1
774 73 1
775 74 1
776 75 1
777 76 1
778 77 1
779 78 1
783 79 1
783 80 1
783 81 1
783 82 1
783 83 1
784 84 1
784 85 1
785 86 1
785 87 1
783 88 1
784 88 1
785 88 1
788 89 1
789 90 1
868 91 1
859 92 1
804 93 1
805 94 1
806 95 1
807 96 1
808 97 1
809 98 1
810 99 1
811 100 1
812 101 1
813 102 1
814 103 1
815 104 1
816 105 1
835 106 1
836 107 1
837 108 1
838 109 1
839 110 1
840 111 1
841 112 1
842 113 1
843 114 1
844 115 1
845 116 1
846 117 1
847 118 1
848 119 1
849 120 1
850 121 1
851 122 1
852 123 1
856 124 1
856 125 1
856 126 1
856 127 1
856 128 1
857 129 1
857 130 1
858 131 1
858 132 1
856 133 1
857 133 1
858 133 1
861 134 1
862 135 1
941 136 1
932 137 1
877 138 1
878 139 1
879 140 1
880 141 1
881 142 1
882 143 1
883 144 1
884 145 1
885 146 1
886 147 1
887 148 1
888 149 1
889 150 1
908 151 1
909 152 1
910 153 1
911 154 1
912 155 1
913 156 1
914 157 1
915 158 1
916 159 1
917 160 1
918 161 1
919 162 1
920 163 1
921 164 1
922 165 1
923 166 1
924 167 1
925 168 1
929 169 1
929 170 1
929 171 1
929 172 1
929 173 1
930 174 1
930 175 1
931 176 1
931 177 1
929 178 1
930 178 1
931 178 1
934 179 1
935 180 1
1014 181 1
1005 182 1
950 183 1
951 184 1
952 185 1
953 186 1
954 187 1
955 188 1
956 189 1
957 190 1
958 191 1
959 192 1
960 193 1
961 194 1
962 195 1
981 196 1
982 197 1
983 198 1
984 199 1
985 200 1
986 201 1
987 202 1
988 203 1
989 204 1
990 205 1
991 206 1
992 207 1
993 208 1
994 209 1
995 210 1
996 211 1
997 212 1
998 213 1
1002 214 1
1002 215 1
1002 216 1
1002 217 1
1002 218 1
1003 219 1
1003 220 1
1004 221 1
1004 222 1
1002 223 1
1003 223 1
1004 223 1
1007 224 1
1008 225 1
1087 226 1
1078 227 1
1023 228 1
1024 229 1
1025 230 1
1026 231 1
1027 232 1
1028 233 1
1029 234 1
1030 235 1
1031 236 1
1032 237 1
1033 238 1
1034 239 1
1035 240 1
1054 241 1
1055 242 1
1056 243 1
1057 244 1
1058 245 1
1059 246 1
1060 247 1
1061 248 1
1062 249 1
1063 250 1
1064 251 1
1065 252 1
1066 253 1
1067 254 1
1068 255 1
1069 256 1
1070 257 1
1071 258 1
1075 259 1
1075 260 1
1075 261 1
1075 262 1
1075 263 1
1076 264 1
1076 265 1
1077 266 1
1077 267 1
1075 268 1
1076 268 1
1077 268 1
1080 269 1
1081 270 1
1160 271 1
1151 272 1
1096 273 1
1097 274 1
1098 275 1
1099 276 1
1100 277 1
1101 278 1
1102 279 1
1103 280 1
1104 281 1
1105 282 1
1106 283 1
1107 284 1
1108 285 1
1127 286 1
1128 287 1
1129 288 1
1130 289 1
1131 290 1
1132 291 1
1133 292 1
1134 293 1
1135 294 1
1136 295 1
1137 296 1
1138 297 1
1139 298 1
1140 299 1
1141 300 1
1142 301 1
1143 302 1
1144 303 1
1148 304 1
1148 305 1
1148 306 1
1148 307 1
1148 308 1
1149 309 1
1149 310 1
1150 311 1
1150 312 1
1148 313 1
1149 313 1
1150 313 1
1153 314 1
1154 315 1
1233 316 1
1224 317 1
1169 318 1
1170 319 1
1171 320 1
1172 321 1
1173 322 1
1174 323 1
1175 324 1
1176 325 1
1177 326 1
1178 327 1
1179 328 1
1180 329 1
1181 330 1
1200 331 1
1201 332 1
1202 333 1
1203 334 1
1204 335 1
1205 336 1
1206 337 1
1207 338 1
1208 339 1
1209 340 1
1210 341 1
1211 342 1
1212 343 1
1213 344 1
1214 345 1
1215 346 1
1216 347 1
1217 348 1
1221 349 1
1221 350 1
1221 351 1
1221 352 1
1221 353 1
1222 354 1
1222 355 1
1223 356 1
1223 357 1
1221 358 1
1222 358 1
1223 358 1
1226 359 1
1227 360 1
1306 361 1
1297 362 1
1242 363 1
1243 364 1
1244 365 1
1245 366 1
1246 367 1
1247 368 1
1248 369 1
1249 370 1
1250 371 1
1251 372 1
1252 373 1
1253 374 1
1254 375 1
1273 376 1
1274 377 1
1275 378 1
1276 379 1
1277 380 1
1278 381 1
1279 382 1
1280 383 1
1281 384 1
1282 385 1
1283 386 1
1284 387 1
1285 388 1
1286 389 1
1287 390 1
1288 391 1
1289 392 1
1290 393 1
1294 394 1
1294 395 1
1294 396 1
1294 397 1
1294 398 1
1295 399 1
1295 400 1
1296 401 1
1296 402 1
1294 403 1
1295 403 1
1296 403 1
1299 404 1
1300 405 1
1379 406 1
1370 407 1
1315 408 1
1316 409 1
1317 410 1
1318 411 1
1319 412 1
1320 413 1
1321 414 1
1322 415 1
1323 416 1
1324 417 1
1325 418 1
1326 419 1
1327 420 1
1346 421 1
1347 422 1
1348 423 1
1349 424 1
1350 425 1
1351 426 1
1352 427 1
1353 428 1
1354 429 1
1355 430 1
1356 431 1
1357 432 1
1358 433 1
1359 434 1
1360 435 1
1361 436 1
1362 437 1
1363 438 1
1367 439 1
1367 440 1
1367 441 1
1367 442 1
1367 443 1
1368 444 1
1368 445 1
1369 446 1
1369 447 1
1367 448 1
1368 448 1
1369 448 1
1372 449 1
1373 450 1
1452 451 1
1443 452 1
1388 453 1
1389 454 1
1390 455 1
1391 456 1
1392 457 1
1393 458 1
1394 459 1
1395 460 1
1396 461 1
1397 462 1
1398 463 1
1399 464 1
1400 465 1
1419 466 1
1420 467 1
1421 468 1
1422 469 1
1423 470 1
1424 471 1
1425 472 1
1426 473 1
1427 474 1
1428 475 1
1429 476 1
1430 477 1
1431 478 1
1432 479 1
1433 480 1
1434 481 1
1435 482 1
1436 483 1
1440 484 1
1440 485 1
1440 486 1
1440 487 1
1440 488 1
1441 489 1
1441 490 1
1442 491 1
1442 492 1
1440 493 1
1441 493 1
1442 493 1
1445 494 1
1446 495 1
1525 496 1
1516 497 1
1461 498 1
1462 499 1
1463 500 1
1464 501 1
1465 502 1
1466 503 1
1467 504 1
1468 505 1
1469 506 1
1470 507 1
1471 508 1
1472 509 1
1473 510 1
1492 511 1
1493 512 1
1494 513 1
1495 514 1
1496 515 1
1497 516 1
1498 517 1
1499 518 1
1500 519 1
1501 520 1
1502 521 1
1503 522 1
1504 523 1
1505 524 1
1506 525 1
1507 526 1
1508 527 1
1509 528 1
1513 529 1
1513 530 1
1513 531 1
1513 532 1
1513 533 1
1514 534 1
1514 535 1
1515 536 1
1515 537 1
1513 538 1
1514 538 1
1515 538 1
1518 539 1
1519 540 1
1598 541 1
1589 542 1
1534 543 1
1535 544 1
1536 545 1
1537 546 1
1538 547 1
1539 548 1
1540 549 1
1541 550 1
1542 551 1
1543 552 1
1544 553 1
1545 554 1
1546 555 1
1565 556 1
1566 557 1
1567 558 1
1568 559 1
1569 560 1
1570 561 1
1571 562 1
1572 563 1
1573 564 1
1574 565 1
1575 566 1
1576 567 1
1577 568 1
1578 569 1
1579 570 1
1580 571 1
1581 572 1
1582 573 1
1586 574 1
1586 575 1
1586 576 1
1586 577 1
1586 578 1
1587 579 1
1587 580 1
1588 581 1
1588 582 1
1586 583 1
1587 583 1
1588 583 1
1591 584 1
1592 585 1
1671 586 1
1662 587 1
1607 588 1
1608 589 1
1609 590 1
1610 591 1
1611 592 1
1612 593 1
1613 594 1
1614 595 1
1615 596 1
1616 597 1
1617 598 1
1618 599 1
1619 600 1
1638 601 1
1639 602 1
1640 603 1
1641 604 1
1642 605 1
1643 606 1
1644 607 1
1645 608 1
1646 609 1
1647 610 1
1648 611 1
1649 612 1
1650 613 1
1651 614 1
1652 615 1
1653 616 1
1654 617 1
1655 618 1
1659 619 1
1659 620 1
1659 621 1
1659 622 1
1659 623 1
1660 624 1
1660 625 1
1661 626 1
1661 627 1
1659 628 1
1660 628 1
1661 628 1
1664 629 1
1665 630 1
1744 631 1
1735 632 1
1680 633 1
1681 634 1
1682 635 1
1683 636 1
1684 637 1
1685 638 1
1686 639 1
1687 640 1
1688 641 1
1689 642 1
1690 643 1
1691 644 1
1692 645 1
1711 646 1
1712 647 1
1713 648 1
1714 649 1
1715 650 1
1716 651 1
1717 652 1
1718 653 1
1719 654 1
1720 655 1
1721 656 1
1722 657 1
1723 658 1
1724 659 1
1725 660 1
1726 661 1
1727 662 1
1728 663 1
1732 664 1
1732 665 1
1732 666 1
1732 667 1
1732 668 1
1733 669 1
1733 670 1
1734 671 1
1734 672 1
1732 673 1
1733 673 1
1734 673 1
1737 674 1
1738 675 1
1817 676 1
1808 677 1
1753 678 1
1754 679 1
1755 680 1
1756 681 1
1757 682 1
1758 683 1
1759 684 1
1760 685 1
1761 686 1
1762 687 1
1763 688 1
1764 689 1
1765 690 1
1784 691 1
1785 692 1
1786 693 1
1787 694 1
1788 695 1
1789 696 1
1790 697 1
1791 698 1
1792 699 1
1793 700 1
1794 701 1
1795 702 1
1796 703 1
1797 704 1
1798 705 1
1799 706 1
1800 707 1
1801 708 1
1805 709 1
1805 710 1
1805 711 1
1805 712 1
1805 713 1
1806 714 1
1806 715 1
1807 716 1
1807 717 1
1805 718 1
1806 718 1
1807 718 1
1810 719 1
1811 720 1
1890 721 1
1881 722 1
1826 723 1
1827 724 1
1828 725 1
1829 726 1
1830 727 1
1831 728 1
1832 729 1
1833 730 1
1834 731 1
1835 732 1
1836 733 1
1837 734 1
1838 735 1
1857 736 1
1858 737 1
1859 738 1
1860 739 1
1861 740 1
1862 741 1
1863 742 1
1864 743 1
1865 744 1
1866 745 1
1867 746 1
1868 747 1
1869 748 1
1870 749 1
1871 750 1
1872 751 1
1873 752 1
1874 753 1
1878 754 1
1878 755 1
1878 756 1
1878 757 1
1878 758 1
1879 759 1
1879 760 1
1880 761 1
1880 762 1
1878 763 1
1879 763 1
1880 763 1
1883 764 1
1884 765 1
1963 766 1
1954 767 1
1899 768 1
1900 769 1
1901 770 1
1902 771 1
1903 772 1
1904 773 1
1905 774 1
1906 775 1
1907 776 1
1908 777 1
1909 778 1
1910 779 1
1911 780 1
1930 781 1
1931 782 1
1932 783 1
1933 784 1
1934 785 1
1935 786 1
1936 787 1
1937 788 1
1938 789 1
1939 790 1
1940 791 1
1941 792 1
1942 793 1
1943 794 1
1944 795 1
1945 796 1
1946 797 1
1947 798 1
1951 799 1
1951 800 1
1951 801 1
1951 802 1
1951 803 1
1952 804 1
1952 805 1
1953 806 1
1953 807 1
1951 808 1
1952 808 1
1953 808 1
1956 809 1
1957 810 1
2036 811 1
2027 812 1
1972 813 1
1973 814 1
1974 815 1
1975 816 1
1976 817 1
1977 818 1
1978 819 1
1979 820 1
1980 821 1
1981 822 1
1982 823 1
1983 824 1
1984 825 1
2003 826 1
2004 827 1
2005 828 1
2006 829 1
2007 830 1
2008 831 1
2009 832 1
2010 833 1
2011 834 1
2012 835 1
2013 836 1
2014 837 1
2015 838 1
2016 839 1
2017 840 1
2018 841 1
2019 842 1
2020 843 1
2024 844 1
2024 845 1
2024 846 1
2024 847 1
2024 848 1
2025 849 1
2025 850 1
2026 851 1
2026 852 1
2024 853 1
2025 853 1
2026 853 1
2029 854 1
2030 855 1
2109 856 1
2100 857 1
2045 858 1
2046 859 1
2047 860 1
2048 861 1
2049 862 1
2050 863 1
2051 864 1
2052 865 1
2053 866 1
2054 867 1
2055 868 1
2056 869 1
2057 870 1
2076 871 1
2077 872 1
2078 873 1
2079 874 1
2080 875 1
2081 876 1
2082 877 1
2083 878 1
2084 879 1
2085 880 1
2086 881 1
2087 882 1
2088 883 1
2089 884 1
2090 885 1
2091 886 1
2092 887 1
2093 888 1
2097 889 1
2097 890 1
2097 891 1
2097 892 1
2097 893 1
2098 894 1
2098 895 1
2099 896 1
2099 897 1
2097 898 1
2098 898 1
2099 898 1
2102 899 1
2103 900 1
2182 901 1
2173 902 1
2118 903 1
2119 904 1
2120 905 1
2121 906 1
2122 907 1
2123 908 1
2124 909 1
2125 910 1
2126 911 1
2127 912 1
2128 913 1
2129 914 1
2130 915 1
2149 916 1
2150 917 1
2151 918 1
2152 919 1
2153 920 1
2154 921 1
2155 922 1
2156 923 1
2157 924 1
2158 925 1
2159 926 1
2160 927 1
2161 928 1
2162 929 1
2163 930 1
2164 931 1
2165 932 1
2166 933 1
2170 934 1
2170 935 1
2170 936 1
2170 937 1
2170 938 1
2171 939 1
2171 940 1
2172 941 1
2172 942 1
2170 943 1
2171 943 1
2172 943 1
2175 944 1
2176 945 1
2255 946 1
2246 947 1
2191 948 1
2192 949 1
2193 950 1
2194 951 1
2195 952 1
2196 953 1
2197 954 1
2198 955 1
2199 956 1
2200 957 1
2201 958 1
2202 959 1
2203 960 1
2222 961 1
2223 962 1
2224 963 1
2225 964 1
2226 965 1
2227 966 1
2228 967 1
2229 968 1
2230 969 1
2231 970 1
2232 971 1
2233 972 1
2234 973 1
2235 974 1
2236 975 1
2237 976 1
2238 977 1
2239 978 1
2243 979 1
2243 980 1
2243 981 1
2243 982 1
2243 983 1
2244 984 1
2244 985 1
2245 986 1
2245 987 1
2243 988 1
2244 988 1
2245 988 1
2248 989 1
2249 990 1
2328 991 1
2319 992 1
2264 993 1
2265 994 1
2266 995 1
2267 996 1
2268 997 1
2269 998 1
2270 999 1
2271 1000 1
2272 1001 1
2273 1002 1
2274 1003 1
2275 1004 1
2276 1005 1
2295 1006 1
2296 1007 1
2297 1008 1
2298 1009 1
2299 1010 1
2300 1011 1
2301 1012 1
2302 1013 1
2303 1014 1
2304 1015 1
2305 1016 1
2306 1017 1
2307 1018 1
2308 1019 1
2309 1020 1
2310 1021 1
2311 1022 1
2312 1023 1
2316 1024 1
2316 1025 1
2316 1026 1
2316 1027 1
2316 1028 1
2317 1029 1
2317 1030 1
2318 1031 1
2318 1032 1
2316 1033 1
2317 1033 1
2318 1033 1
2321 1034 1
2322 1035 1
2401 1036 1
2392 1037 1
2337 1038 1
2338 1039 1
2339 1040 1
2340 1041 1
2341 1042 1
2342 1043 1
2343 1044 1
2344 1045 1
2345 1046 1
2346 1047 1
2347 1048 1
2348 1049 1
2349 1050 1
2368 1051 1
2369 1052 1
2370 1053 1
2371 1054 1
2372 1055 1
2373 1056 1
2374 1057 1
2375 1058 1
2376 1059 1
2377 1060 1
2378 1061 1
2379 1062 1
2380 1063 1
2381 1064 1
2382 1065 1
2383 1066 1
2384 1067 1
2385 1068 1
2389 1069 1
2389 1070 1
2389 1071 1
2389 1072 1
2389 1073 1
2390 1074 1
2390 1075 1
2391 1076 1
2391 1077 1
2389 1078 1
2390 1078 1
2391 1078 1
2394 1079 1
2395 1080 1
2474 1081 1
2465 1082 1
2410 1083 1
2411 1084 1
2412 1085 1
2413 1086 1
2414 1087 1
2415 1088 1
2416 1089 1
2417 1090 1
2418 1091 1
2419 1092 1
2420 1093 1
2421 1094 1
2422 1095 1
2441 1096 1
2442 1097 1
2443 1098 1
2444 1099 1
2445 1100 1
2446 1101 1
2447 1102 1
2448 1103 1
2449 1104 1
2450 1105 1
2451 1106 1
2452 1107 1
2453 1108 1
2454 1109 1
2455 1110 1
2456 1111 1
2457 1112 1
2458 1113 1
2462 1114 1
2462 1115 1
2462 1116 1
2462 1117 1
2462 1118 1
2463 1119 1
2463 1120 1
2464 1121 1
2464 1122 1
2462 1123 1
2463 1123 1
2464 1123 1
2467 1124 1
2468 1125 1
2547 1126 1
2538 1127 1
2483 1128 1
2484 1129 1
2485 1130 1
2486 1131 1
2487 1132 1
2488 1133 1
2489 1134 1
2490 1135 1
2491 1136 1
2492 1137 1
2493 1138 1
2494 1139 1
2495 1140 1
2514 1141 1
2515 1142 1
2516 1143 1
2517 1144 1
2518 1145 1
2519 1146 1
2520 1147 1
2521 1148 1
2522 1149 1
2523 1150 1
2524 1151 1
2525 1152 1
2526 1153 1
2527 1154 1
2528 1155 1
2529 1156 1
2530 1157 1
2531 1158 1
2535 1159 1
2535 1160 1
2535 1161 1
2535 1162 1
2535 1163 1
2536 1164 1
2536 1165 1
2537 1166 1
2537 1167 1
2535 1168 1
2536 1168 1
2537 1168 1
2540 1169 1
2541 1170 1
2620 1171 1
2611 1172 1
2556 1173 1
2557 1174 1
2558 1175 1
2559 1176 1
2560 1177 1
2561 1178 1
2562 1179 1
2563 1180 1
2564 1181 1
2565 1182 1
2566 1183 1
2567 1184 1
2568 1185 1
2587 1186 1
2588 1187 1
2589 1188 1
2590 1189 1
2591 1190 1
2592 1191 1
2593 1192 1
2594 1193 1
2595 1194 1
2596 1195 1
2597 1196 1
2598 1197 1
2599 1198 1
2600 1199 1
2601 1200 1
2602 1201 1
2603 1202 1
2604 1203 1
2608 1204 1
2608 1205 1
2608 1206 1
2608 1207 1
2608 1208 1
2609 1209 1
2609 1210 1
2610 1211 1
2610 1212 1
2608 1213 1
2609 1213 1
2610 1213 1
2613 1214 1
2614 1215 1
2693 1216 1
2684 1217 1
2629 1218 1
2630 1219 1
2631 1220 1
2632 1221 1
2633 1222 1
2634 1223 1
2635 1224 1
2636 1225 1
2637 1226 1
2638 1227 1
2639 1228 1
2640 1229 1
2641 1230 1
2660 1231 1
2661 1232 1
2662 1233 1
2663 1234 1
2664 1235 1
2665 1236 1
2666 1237 1
2667 1238 1
2668 1239 1
2669 1240 1
2670 1241 1
2671 1242 1
2672 1243 1
2673 1244 1
2674 1245 1
2675 1246 1
2676 1247 1
2677 1248 1
2681 1249 1
2681 1250 1
2681 1251 1
2681 1252 1
2681 1253 1
2682 1254 1
2682 1255 1
2683 1256 1
2683 1257 1
2681 1258 1
2682 1258 1
2683 1258 1
2686 1259 1
2687 1260 1
2766 1261 1
2757 1262 1
2702 1263 1
2703 1264 1
2704 1265 1
2705 1266 1
2706 1267 1
2707 1268 1
2708 1269 1
2709 1270 1
2710 1271 1
2711 1272 1
2712 1273 1
2713 1274 1
2714 1275 1
2733 1276 1
2734 1277 1
2735 1278 1
2736 1279 1
2737 1280 1
2738 1281 1
2739 1282 1
2740 1283 1
2741 1284 1
2742 1285 1
2743 1286 1
2744 1287 1
2745 1288 1
2746 1289 1
2747 1290 1
2748 1291 1
2749 1292 1
2750 1293 1
2754 1294 1
2754 1295 1
2754 1296 1
2754 1297 1
2754 1298 1
2755 1299 1
2755 1300 1
2756 1301 1
2756 1302 1
2754 1303 1
2755 1303 1
2756 1303 1
2759 1304 1
2760 1305 1
2839 1306 1
2830 1307 1
2775 1308 1
2776 1309 1
2777 1310 1
2778 1311 1
2779 1312 1
2780 1313 1
2781 1314 1
2782 1315 1
2783 1316 1
2784 1317 1
2785 1318 1
2786 1319 1
2787 1320 1
2806 1321 1
2807 1322 1
2808 1323 1
2809 1324 1
2810 1325 1
2811 1326 1
2812 1327 1
2813 1328 1
2814 1329 1
2815 1330 1
2816 1331 1
2817 1332 1
2818 1333 1
2819 1334 1
2820 1335 1
2821 1336 1
2822 1337 1
2823 1338 1
2827 1339 1
2827 1340 1
2827 1341 1
2827 1342 1
2827 1343 1
2828 1344 1
2828 1345 1
2829 1346 1
2829 1347 1
2827 1348 1
2828 1348 1
2829 1348 1
2832 1349 1
2833 1350 1
2912 1351 1
2903 1352 1
2848 1353 1
2849 1354 1
2850 1355 1
2851 1356 1
2852 1357 1
2853 1358 1
2854 1359 1
2855 1360 1
2856 1361 1
2857 1362 1
2858 1363 1
2859 1364 1
2860 1365 1
2879 1366 1
2880 1367 1
2881 1368 1
2882 1369 1
2883 1370 1
2884 1371 1
2885 1372 1
2886 1373 1
2887 1374 1
2888 1375 1
2889 1376 1
2890 1377 1
2891 1378 1
2892 1379 1
2893 1380 1
2894 1381 1
2895 1382 1
2896 1383 1
2900 1384 1
2900 1385 1
2900 1386 1
2900 1387 1
2900 1388 1
2901 1389 1
2901 1390 1
2902 1391 1
2902 1392 1
2900 1393 1
2901 1393 1
2902 1393 1
2905 1394 1
2906 1395 1
2985 1396 1
2976 1397 1
2921 1398 1
2922 1399 1
2923 1400 1
2924 1401 1
2925 1402 1
2926 1403 1
2927 1404 1
2928 1405 1
2929 1406 1
2930 1407 1
2931 1408 1
2932 1409 1
2933 1410 1
2952 1411 1
2953 1412 1
2954 1413 1
2955 1414 1
2956 1415 1
2957 1416 1
2958 1417 1
2959 1418 1
2960 1419 1
2961 1420 1
2962 1421 1
2963 1422 1
2964 1423 1
2965 1424 1
2966 1425 1
2967 1426 1
2968 1427 1
2969 1428 1
2973 1429 1
2973 1430 1
2973 1431 1
2973 1432 1
2973 1433 1
2974 1434 1
2974 1435 1
2975 1436 1
2975 1437 1
2973 1438 1
2974 1438 1
2975 1438 1
2978 1439 1
2979 1440 1
3058 1441 1
3049 1442 1
2994 1443 1
2995 1444 1
2996 1445 1
2997 1446 1
2998 1447 1
2999 1448 1
3000 1449 1
3001 1450 1
3002 1451 1
3003 1452 1
3004 1453 1
3005 1454 1
3006 1455 1
3025 1456 1
3026 1457 1
3027 1458 1
3028 1459 1
3029 1460 1
3030 1461 1
3031 1462 1
3032 1463 1
3033 1464 1
3034 1465 1
3035 1466 1
3036 1467 1
3037 1468 1
3038 1469 1
3039 1470 1
3040 1471 1
3041 1472 1
3042 1473 1
3046 1474 1
3046 1475 1
3046 1476 1
3046 1477 1
3046 1478 1
3047 1479 1
3047 1480 1
3048 1481 1
3048 1482 1
3046 1483 1
3047 1483 1
3048 1483 1
3051 1484 1
3052 1485 1
3131 1486 1
3122 1487 1
3067 1488 1
3068 1489 1
3069 1490 1
3070 1491 1
3071 1492 1
3072 1493 1
3073 1494 1
3074 1495 1
3075 1496 1
3076 1497 1
3077 1498 1
3078 1499 1
3079 1500 1
3098 1501 1
3099 1502 1
3100 1503 1
3101 1504 1
3102 1505 1
3103 1506 1
3104 1507 1
3105 1508 1
3106 1509 1
3107 1510 1
3108 1511 1
3109 1512 1
3110 1513 1
3111 1514 1
3112 1515 1
3113 1516 1
3114 1517 1
3115 1518 1
3119 1519 1
3119 1520 1
3119 1521 1
3119 1522 1
3119 1523 1
3120 1524 1
3120 1525 1
3121 1526 1
3121 1527 1
3119 1528 1
3120 1528 1
3121 1528 1
3124 1529 1
3125 1530 1
3204 1531 1
3195 1532 1
3140 1533 1
3141 1534 1
3142 1535 1
3143 1536 1
3144 1537 1
3145 1538 1
3146 1539 1
3147 1540 1
3148 1541 1
3149 1542 1
3150 1543 1
3151 1544 1
3152 1545 1
3171 1546 1
3172 1547 1
3173 1548 1
3174 1549 1
3175 1550 1
3176 1551 1
3177 1552 1
3178 1553 1
3179 1554 1
3180 1555 1
3181 1556 1
3182 1557 1
3183 1558 1
3184 1559 1
3185 1560 1
3186 1561 1
3187 1562 1
3188 1563 1
3192 1564 1
3192 1565 1
3192 1566 1
3192 1567 1
3192 1568 1
3193 1569 1
3193 1570 1
3194 1571 1
3194 1572 1
3192 1573 1
3193 1573 1
3194 1573 1
3197 1574 1
3198 1575 1
3277 1576 1
3268 1577 1
3213 1578 1
3214 1579 1
3215 1580 1
3216 1581 1
3217 1582 1
3218 1583 1
3219 1584 1
3220 1585 1
3221 1586 1
3222 1587 1
3223 1588 1
3224 1589 1
3225 1590 1
3244 1591 1
3245 1592 1
3246 1593 1
3247 1594 1
3248 1595 1
3249 1596 1
3250 1597 1
3251 1598 1
3252 1599 1
3253 1600 1
3254 1601 1
3255 1602 1
3256 1603 1
3257 1604 1
3258 1605 1
3259 1606 1
3260 1607 1
3261 1608 1
3265 1609 1
3265 1610 1
3265 1611 1
3265 1612 1
3265 1613 1
3266 1614 1
3266 1615 1
3267 1616 1
3267 1617 1
3265 1618 1
3266 1618 1
3267 1618 1
3270 1619 1
3271 1620 1
3350 1621 1
3341 1622 1
3286 1623 1
3287 1624 1
3288 1625 1
3289 1626 1
3290 1627 1
3291 1628 1
3292 1629 1
3293 1630 1
3294 1631 1
3295 1632 1
3296 1633 1
3297 1634 1
3298 1635 1
3317 1636 1
3318 1637 1
3319 1638 1
3320 1639 1
3321 1640 1
3322 1641 1
3323 1642 1
3324 1643 1
3325 1644 1
3326 1645 1
3327 1646 1
3328 1647 1
3329 1648 1
3330 1649 1
3331 1650 1
3332 1651 1
3333 1652 1
3334 1653 1
3338 1654 1
3338 1655 1
3338 1656 1
3338 1657 1
3338 1658 1
3339 1659 1
3339 1660 1
3340 1661 1
3340 1662 1
3338 1663 1
3339 1663 1
3340 1663 1
3343 1664 1
3344 1665 1
3423 1666 1
3414 1667 1
3359 1668 1
3360 1669 1
3361 1670 1
3362 1671 1
3363 1672 1
3364 1673 1
3365 1674 1
3366 1675 1
3367 1676 1
3368 1677 1
3369 1678 1
3370 1679 1
3371 1680 1
3390 1681 1
3391 1682 1
3392 1683 1
3393 1684 1
3394 1685 1
3395 1686 1
3396 1687 1
3397 1688 1
3398 1689 1
3399 1690 1
3400 1691 1
3401 1692 1
3402 1693 1
3403 1694 1
3404 1695 1
3405 1696 1
3406 1697 1
3407 1698 1
3411 1699 1
3411 1700 1
3411 1701 1
3411 1702 1
3411 1703 1
3412 1704 1
3412 1705 1
3413 1706 1
3413 1707 1
3411 1708 1
3412 1708 1
3413 1708 1
3416 1709 1
3417 1710 1
3496 1711 1
3487 1712 1
3432 1713 1
3433 1714 1
3434 1715 1
3435 1716 1
3436 1717 1
3437 1718 1
3438 1719 1
3439 1720 1
3440 1721 1
3441 1722 1
3442 1723 1
3443 1724 1
3444 1725 1
3463 1726 1
3464 1727 1
3465 1728 1
3466 1729 1
3467 1730 1
3468 1731 1
3469 1732 1
3470 1733 1
3471 1734 1
3472 1735 1
3473 1736 1
3474 1737 1
3475 1738 1
3476 1739 1
3477 1740 1
3478 1741 1
3479 1742 1
3480 1743 1
3484 1744 1
3484 1745 1
3484 1746 1
3484 1747 1
3484 1748 1
3485 1749 1
3485 1750 1
3486 1751 1
3486 1752 1
3484 1753 1
3485 1753 1
3486 1753 1
3489 1754 1
3490 1755 1
3569 1756 1
3560 1757 1
3505 1758 1
3506 1759 1
3507 1760 1
3508 1761 1
3509 1762 1
3510 1763 1
3511 1764 1
3512 1765 1
3513 1766 1
3514 1767 1
3515 1768 1
3516 1769 1
3517 1770 1
3536 1771 1
3537 1772 1
3538 1773 1
3539 1774 1
3540 1775 1
3541 1776 1
3542 1777 1
3543 1778 1
3544 1779 1
3545 1780 1
3546 1781 1
3547 1782 1
3548 1783 1
3549 1784 1
3550 1785 1
3551 1786 1
3552 1787 1
3553 1788 1
3557 1789 1
3557 1790 1
3557 1791 1
3557 1792 1
3557 1793 1
3558 1794 1
3558 1795 1
3559 1796 1
3559 1797 1
3557 1798 1
3558 1798 1
3559 1798 1
3562 1799 1
3563 1800 1
3642 1801 1
3633 1802 1
3578 1803 1
3579 1804 1
3580 1805 1
3581 1806 1
3582 1807 1
3583 1808 1
3584 1809 1
3585 1810 1
3586 1811 1
3587 1812 1
3588 1813 1
3589 1814 1
3590 1815 1
3609 1816 1
3610 1817 1
3611 1818 1
3612 1819 1
3613 1820 1
3614 1821 1
3615 1822 1
3616 1823 1
3617 1824 1
3618 1825 1
3619 1826 1
3620 1827 1
3621 1828 1
3622 1829 1
3623 1830 1
3624 1831 1
3625 1832 1
3626 1833 1
3630 1834 1
3630 1835 1
3630 1836 1
3630 1837 1
3630 1838 1
3631 1839 1
3631 1840 1
3632 1841 1
3632 1842 1
3630 1843 1
3631 1843 1
3632 1843 1
3635 1844 1
3636 1845 1
3715 1846 1
3706 1847 1
3651 1848 1
3652 1849 1
3653 1850 1
3654 1851 1
3655 1852 1
3656 1853 1
3657 1854 1
3658 1855 1
3659 1856 1
3660 1857 1
3661 1858 1
3662 1859 1
3663 1860 1
3682 1861 1
3683 1862 1
3684 1863 1
3685 1864 1
3686 1865 1
3687 1866 1
3688 1867 1
3689 1868 1
3690 1869 1
3691 1870 1
3692 1871 1
3693 1872 1
3694 1873 1
3695 1874 1
3696 1875 1
3697 1876 1
3698 1877 1
3699 1878 1
3703 1879 1
3703 1880 1
3703 1881 1
3703 1882 1
3703 1883 1
3704 1884 1
3704 1885 1
3705 1886 1
3705 1887 1
3703 1888 1
3704 1888 1
3705 1888 1
3708 1889 1
3709 1890 1
3788 1891 1
3779 1892 1
3724 1893 1
3725 1894 1
3726 1895 1
3727 1896 1
3728 1897 1
3729 1898 1
3730 1899 1
3731 1900 1
3732 1901 1
3733 1902 1
3734 1903 1
3735 1904 1
3736 1905 1
3755 1906 1
3756 1907 1
3757 1908 1
3758 1909 1
3759 1910 1
3760 1911 1
3761 1912 1
3762 1913 1
3763 1914 1
3764 1915 1
3765 1916 1
3766 1917 1
3767 1918 1
3768 1919 1
3769 1920 1
3770 1921 1
3771 1922 1
3772 1923 1
3776 1924 1
3776 1925 1
3776 1926 1
3776 1927 1
3776 1928 1
3777 1929 1
3777 1930 1
3778 1931 1
3778 1932 1
3776 1933 1
3777 1933 1
3778 1933 1
3781 1934 1
3782 1935 1
3861 1936 1
3852 1937 1
3797 1938 1
3798 1939 1
3799 1940 1
3800 1941 1
3801 1942 1
3802 1943 1
3803 1944 1
3804 1945 1
3805 1946 1
3806 1947 1
3807 1948 1
3808 1949 1
3809 1950 1
3828 1951 1
3829 1952 1
3830 1953 1
3831 1954 1
3832 1955 1
3833 1956 1
3834 1957 1
3835 1958 1
3836 1959 1
3837 1960 1
3838 1961 1
3839 1962 1
3840 1963 1
3841 1964 1
3842 1965 1
3843 1966 1
3844 1967 1
3845 1968 1
3849 1969 1
3849 1970 1
3849 1971 1
3849 1972 1
3849 1973 1
3850 1974 1
3850 1975 1
3851 1976 1
3851 1977 1
3849 1978 1
3850 1978 1
3851 1978 1
3854 1979 1
3855 1980 1
3934 1981 1
3925 1982 1
3870 1983 1
3871 1984 1
3872 1985 1
3873 1986 1
3874 1987 1
3875 1988 1
3876 1989 1
3877 1990 1
3878 1991 1
3879 1992 1
3880 1993 1
3881 1994 1
3882 1995 1
3901 1996 1
3902 1997 1
3903 1998 1
3904 1999 1
3905 2000 1
3906 2001 1
3907 2002 1
3908 2003 1
3909 2004 1
3910 2005 1
3911 2006 1
3912 2007 1
3913 2008 1
3914 2009 1
3915 2010 1
3916 2011 1
3917 2012 1
3918 2013 1
3922 2014 1
3922 2015 1
3922 2016 1
3922 2017 1
3922 2018 1
3923 2019 1
3923 2020 1
3924 2021 1
3924 2022 1
3922 2023 1
3923 2023 1
3924 2023 1
3927 2024 1
3928 2025 1
4007 2026 1
3998 2027 1
3943 2028 1
3944 2029 1
3945 2030 1
3946 2031 1
3947 2032 1
3948 2033 1
3949 2034 1
3950 2035 1
3951 2036 1
3952 2037 1
3953 2038 1
3954 2039 1
3955 2040 1
3974 2041 1
3975 2042 1
3976 2043 1
3977 2044 1
3978 2045 1
3979 2046 1
3980 2047 1
3981 2048 1
3982 2049 1
3983 2050 1
3984 2051 1
3985 2052 1
3986 2053 1
3987 2054 1
3988 2055 1
3989 2056 1
3990 2057 1
3991 2058 1
3995 2059 1
3995 2060 1
3995 2061 1
3995 2062 1
3995 2063 1
3996 2064 1
3996 2065 1
3997 2066 1
3997 2067 1
3995 2068 1
3996 2068 1
3997 2068 1
4000 2069 1
4001 2070 1
4080 2071 1
4071 2072 1
4016 2073 1
4017 2074 1
4018 2075 1
4019 2076 1
4020 2077 1
4021 2078 1
4022 2079 1
4023 2080 1
4024 2081 1
4025 2082 1
4026 2083 1
4027 2084 1
4028 2085 1
4047 2086 1
4048 2087 1
4049 2088 1
4050 2089 1
4051 2090 1
4052 2091 1
4053 2092 1
4054 2093 1
4055 2094 1
4056 2095 1
4057 2096 1
4058 2097 1
4059 2098 1
4060 2099 1
4061 2100 1
4062 2101 1
4063 2102 1
4064 2103 1
4068 2104 1
4068 2105 1
4068 2106 1
4068 2107 1
4068 2108 1
4069 2109 1
4069 2110 1
4070 2111 1
4070 2112 1
4068 2113 1
4069 2113 1
4070 2113 1
4073 2114 1
4074 2115 1
4153 2116 1
4144 2117 1
4089 2118 1
4090 2119 1
4091 2120 1
4092 2121 1
4093 2122 1
4094 2123 1
4095 2124 1
4096 2125 1
4097 2126 1
4098 2127 1
4099 2128 1
4100 2129 1
4101 2130 1
4120 2131 1
4121 2132 1
4122 2133 1
4123 2134 1
4124 2135 1
4125 2136 1
4126 2137 1
4127 2138 1
4128 2139 1
4129 2140 1
4130 2141 1
4131 2142 1
4132 2143 1
4133 2144 1
4134 2145 1
4135 2146 1
4136 2147 1
4137 2148 1
4141 2149 1
4141 2150 1
4141 2151 1
4141 2152 1
4141 2153 1
4142 2154 1
4142 2155 1
4143 2156 1
4143 2157 1
4141 2158 1
4142 2158 1
4143 2158 1
4146 2159 1
4147 2160 1
4226 2161 1
4217 2162 1
4162 2163 1
4163 2164 1
4164 2165 1
4165 2166 1
4166 2167 1
4167 2168 1
4168 2169 1
4169 2170 1
4170 2171 1
4171 2172 1
4172 2173 1
4173 2174 1
4174 2175 1
4193 2176 1
4194 2177 1
4195 2178 1
4196 2179 1
4197 2180 1
4198 2181 1
4199 2182 1
4200 2183 1
4201 2184 1
4202 2185 1
4203 2186 1
4204 2187 1
4205 2188 1
4206 2189 1
4207 2190 1
4208 2191 1
4209 2192 1
4210 2193 1
4214 2194 1
4214 2195 1
4214 2196 1
4214 2197 1
4214 2198 1
4215 2199 1
4215 2200 1
4216 2201 1
4216 2202 1
4214 2203 1
4215 2203 1
4216 2203 1
4219 2204 1
4220 2205 1
4299 2206 1
4290 2207 1
4235 2208 1
4236 2209 1
4237 2210 1
4238 2211 1
4239 2212 1
4240 2213 1
4241 2214 1
4242 2215 1
4243 2216 1
4244 2217 1
4245 2218 1
4246 2219 1
4247 2220 1
4266 2221 1
4267 2222 1
4268 2223 1
4269 2224 1
4270 2225 1
4271 2226 1
4272 2227 1
4273 2228 1
4274 2229 1
4275 2230 1
4276 2231 1
4277 2232 1
4278 2233 1
4279 2234 1
4280 2235 1
4281 2236 1
4282 2237 1
4283 2238 1
4287 2239 1
4287 2240 1
4287 2241 1
4287 2242 1
4287 2243 1
4288 2244 1
4288 2245 1
4289 2246 1
4289 2247 1
4287 2248 1
4288 2248 1
4289 2248 1
4292 2249 1
4293 2250 1
4299 2250 0
