3.313796932346071e+02 
-2.202658792579629e+02 
-8.860312091268547e+00 
8.637650358289561e+01 
2.263439838622422e+02 
2.460925019191004e+02 
3.967156175553215e+01 
4.202033410711348e+01 
1.692336774235358e+00 
4.053495563901092e+01 
8.910894020156791e+00 
-1.887461423994255e+01 
5.756712931776671e+02 
-5.185665869986725e+01 
8.316500758464743e+01 
1.098775047343104e+01 
2.934980025321534e+02 
1.438217192627449e+02 
1.464190210700414e+00 
-2.905615067404185e+00 
-2.313995328052109e+01 
8.833767701510754e+02 
1.811481629006069e+02 
1.833573190500297e+02 
4.734014916954286e+01 
6.103033822485888e+02 
-3.479468075941030e+00 
5.375228163589712e+00 
9.054916012597538e+01 
2.204999371647714e+02 
9.828311295087897e+01 
-4.411303770654323e+01 
-8.144145785009212e+01 
3.042903785252838e+02 
8.698985554037928e+02 
-1.640095115934228e+02 
9.624651698232984e+01 
1.270498608915654e+02 
7.656952576381268e+01 
3.322350419988217e+02 
-5.820501370408156e+01 
-1.738063295771857e+02 
-7.085119531165235e+01 
7.886713045618205e+02 
-5.933822598949661e+01 
1.991878606947340e+02 
2.021725639107129e+02 
2.250920050351218e+02 
1.142114732611229e+02 
7.158629292145110e+01 
8.910476873881136e+01 
2.575849154232873e+02 
6.731793837399174e+02 
-2.261922136751981e+01 
1.207937467521797e+02 
8.656548983847431e+00 
2.110457315983249e+02 
3.821996541601088e+02 
-3.407537558897437e+01 
-1.932145324318144e+02 
2.075840387897480e+02 
6.578987124396155e+02 
-1.076158393884686e+01 
4.682136488490094e+01 
1.633545258652339e+02 
2.100809175757591e+02 
2.798848891861853e+02 
2.978313547455684e+01 
-5.021935204650133e+01 
7.242759407281764e+01 
7.343402746026524e+02 
-4.437663823367183e+01 
1.880268538807127e+02 
2.137160003472258e+02 
1.654562604109971e+02 
-9.885561280637566e+01 
-8.407446975368595e+01 
-7.385948901809651e+01 
1.166214118222455e+02 
6.931237296213034e+02 
-1.827231524370147e+02 
5.300965759755542e+01 
2.150944178602431e+02 
2.277639781489577e+02 
1.528006647208145e+02 
-5.945386456898767e+01 
2.355328632445265e+01 
1.883937945435224e+02 
4.537774927905133e+02 
6.273509312698155e+01 
2.065406947735437e+02 
2.715383558190760e+02 
2.866940033518183e+02 
1.994935247509621e+02 
-1.159366765468936e+02 
-4.053883194103364e+01 
7.021489014381460e+01 
4.870289686578866e+02 
-1.522711418686368e+02 
2.137962296595941e+02 
7.019410765368410e+01 
1.883690922695103e+02 
3.063102656394077e+02 
1.805148783268473e+01 
-1.053950243372312e+02 
4.521555053714521e+01 
7.809107818245509e+02 
-1.733394912515798e+01 
4.961504816057712e+01 
1.286763500280964e+02 
1.712826902789025e+02 
1.172199731782135e+01 
-5.927951203022880e+01 
7.764091733198422e+00 
8.709986597412721e+01 
5.274355395443080e+02 
-4.888908927527672e+01 
6.878039493135977e+01 
2.244893929063424e+02 
8.023698980096654e+01 
1.218790644841265e+02 
3.983383198454690e+01 
-5.609990744880101e+01 
2.493726898180021e+02 
9.190048850297213e+02 
-3.683450057325695e+01 
8.367092549763332e+01 
1.337187272764630e+02 
9.941700796474493e+01 
1.104967533645677e+02 
-1.035522179661460e+02 
-1.007909520812678e+02 
5.840947858103146e+01 
8.119667504055598e+02 
-4.323111693468275e+01 
2.214762293735728e+02 
1.113807149675988e+02 
1.656856322612108e+02 
2.726006877449148e+02 
8.006970476435063e+00 
-4.883996224653031e+01 
5.684337126579805e+01 
5.661070971664535e+02 
-1.397025079195597e+02 
9.650441552466651e+01 
1.907360395292990e+02 
1.164998430729781e+02 
1.426792157790634e+02 
-6.508401597471988e+01 
-3.582998641940331e+01 
1.625779493001421e+02 
6.433932826117697e+02 
-2.407527846170908e+02 
2.013024360967990e+02 
2.697244103707040e+02 
2.269984126933648e+02 
2.173737412765830e+02 
-6.935746409876791e+00 
-5.485117614950432e+01 
2.350359111917789e+02 
6.561300278609438e+02 
-8.283943048498026e+01 
2.421305979348761e+02 
1.677527224193764e+02 
1.129015257244616e+02 
1.543370209522081e+02 
-3.065899472176685e+01 
-4.950230002343804e+00 
1.770712734559500e+02 
6.301145069899295e+02 
-2.370592597453155e+01 
2.184203354662296e+02 
1.802585230421818e+02 
2.014396693388205e+02 
2.277681902647773e+02 
1.214425467273658e+01 
-1.593457573000203e+02 
1.266019992951280e+02 
7.257138407505339e+02 
-1.518206673474237e+02 
7.893410876797981e+01 
1.000927540406679e+02 
2.150284579865329e+02 
1.456876347566111e+02 
-2.027140930327303e+02 
-1.630221950895247e+02 
2.320389097578285e+02 
6.968035147585637e+02 
-2.638620917370043e+01 
1.879950440682520e+02 
1.937589142348174e+02 
1.618538184266799e+02 
2.226701870569398e+02 
9.076984490272446e+01 
-1.526704870192193e+02 
1.339006567842678e+02 
9.450499422982745e+02 
9.009223736101616e+01 
1.024176640327922e+02 
1.262724223972464e+01 
1.599275043707387e+01 
6.568383062208144e+01 
-1.271767771237308e+02 
6.152315184908194e+00 
2.123129533790815e+02 
8.735118343150217e+02 
-7.009564684606207e+01 
3.071267551490981e+01 
2.902656072122806e+02 
1.017852925528974e+02 
8.583277582716586e+01 
-6.330208473016556e+01 
-1.677778267420798e+01 
2.067194964508350e+02 
7.045701345475076e+02 
2.281814606102051e+01 
2.221898707795999e+02 
2.186767653739901e+02 
2.201990335781724e+02 
2.555625250185202e+02 
-2.207904427830559e+02 
-1.329243776879239e+02 
2.777672383434351e+02 
4.760131714896782e+02 
6.860604900198872e+01 
4.243879431661826e+00 
2.792556467143057e+02 
1.239080544454474e+02 
1.964811428852484e+02 
3.206243834817129e+01 
-4.278671059999856e+01 
2.865651155907304e+02 
1.052214056799678e+03 
1.208208227332964e+01 
1.939677425966300e+02 
3.478278626626033e+02 
9.132722687715437e+01 
4.579811785979404e+01 
-1.270646052990571e+02 
-1.266624548820925e+02 
3.450187799099230e+02 
5.541160653421255e+02 
-3.970465471868237e+01 
5.395701675238439e+01 
9.748157898051566e+01 
1.637265747195783e+02 
2.129128011842871e+02 
3.928903887806912e+01 
-2.857099118663923e+01 
2.071605819717102e+02 
5.262496274579106e+02 
-3.795627729037882e+01 
9.310250832561830e+01 
1.785733023254564e+02 
4.423624190919047e+02 
2.828148523272985e+02 
6.238950779621331e+01 
2.013387889264850e+01 
1.368231309930424e+02 
5.362702272484587e+02 
-1.954221882767789e+02 
9.877302588668276e+01 
3.473924017323382e+02 
1.779768488381425e+02 
4.705714714481211e+01 
1.356364019889072e+02 
-2.055225980893716e+02 
1.784165166879954e+02 
5.724421230661848e+02 
-4.377825582399988e+01 
-3.582606283210058e+01 
2.085818722963062e+02 
2.442312090846663e+02 
1.618596252897841e+02 
-1.141099992791473e+00 
5.995938517211682e+01 
2.559400892748262e+02 
5.894713162878348e+02 
3.060036842504675e+02 
1.005449715336843e+02 
1.455311448711261e+02 
1.972779034967690e+02 
9.064768155006449e+01 
2.092553614438423e+01 
3.030723209842562e+01 
1.264780112031136e+02 
6.055033651117722e+02 
-2.127403647836180e+02 
1.883556072653446e+02 
1.948600278653820e+02 
9.869128577453274e+01 
1.171553063173657e+02 
1.330765203622511e+02 
1.393080383476187e+02 
-1.772494833174327e+01 
8.265783021526464e+02 
-2.159769889567817e+01 
1.583283298141969e+02 
1.259544427463286e+02 
1.763936753007911e+01 
2.360987365645852e+02 
3.604601596554421e+01 
-8.367457324293821e+01 
2.086255222032715e+02 
7.114678659577798e+02 
-3.060757391445847e+01 
1.072206659012680e+02 
2.345848470666018e+02 
1.559946296716138e+02 
1.892563074306057e+02 
-4.431796676317302e+01 
-1.183619506997993e+02 
1.626383659726551e+02 
5.014792289250655e+02 
-7.530585714257244e+00 
2.899708888383641e+02 
1.714317070879673e+02 
1.995378640076522e+02 
2.025047027371418e+02 
-2.832140182427992e+02 
1.071000450585134e+02 
2.441578417966173e+02 
4.341623531037963e+02 
-9.552560140601058e+01 
1.954301082800417e+02 
1.726953692440607e+02 
6.592878283058535e+01 
1.744898740035702e+02 
1.329697017403926e+02 
1.284437717455074e+02 
1.527672125822337e+02 
5.497114687855817e+02 
4.749094774709893e+00 
5.914024124150366e+01 
3.344920164949346e+02 
1.652683842536493e+02 
1.097719903612908e+02 
7.555345296781911e+00 
9.027287242958431e+01 
1.588100386286710e+02 
4.752897990630511e+02 
2.213385224832052e+02 
1.178129299339647e+01 
4.027686536487685e+01 
3.569789152530584e+02 
1.905336400742683e+01 
1.382558960499921e+02 
2.835719410776252e+01 
1.511585084681906e+02 
6.196444255244227e+02 
5.735613161258330e+01 
1.675843965222654e+02 
5.735613161435306e+01 
1.675828105165922e+02 
5.735613161435335e+01 
1.675867978438573e+02 
6.795695196662247e+01 
8.743842900946731e+01 
6.039275139178233e+02 
1.339069382666575e+02 
2.492739721572022e+02 
1.305088549228971e+02 
2.771742006605912e+02 
8.599281010292249e+01 
1.731880746033476e+02 
3.793949267464579e+01 
1.019513440386717e+02 
6.064342685313682e+02 
1.427762296255456e+02 
1.099487061896708e+02 
1.768146904825767e+02 
6.657597294481647e+01 
5.828603731595885e+01 
1.710311765449450e+02 
3.587246121730842e+01 
1.649811452108092e+02 
8.159836421499206e+02 
7.471831433005405e+00 
1.940982742723235e+02 
5.115494957197721e+01 
1.993885613583096e+01 
1.046679026587532e+02 
2.011696305857846e+02 
-5.013557545134054e+01 
1.844145308227580e+02 
5.717156814225183e+02 
2.458567886250011e+01 
1.649111744447145e+02 
5.262296718791058e+01 
2.759970084092034e+02 
6.126569892112710e+01 
9.268275529541830e+01 
1.543321224636436e+02 
1.285215111973767e+02 
4.508551999797004e+02 
8.791410221626181e+00 
2.548730849257072e+01 
1.922469851981031e+02 
1.953931521779506e+02 
1.396185446841961e+02 
-7.716227296574552e+01 
6.488026741078681e+01 
6.078740671930369e-01 
7.049707970637598e+02 
9.363512084365192e+01 
3.824381088734916e+02 
2.013835214096298e+02 
2.532149659525313e+02 
2.489412263388376e+02 
2.153627704789383e+02 
6.841591477544570e+01 
2.420849069682575e+02 
4.196546508733587e+02 
9.142272222622421e+01 
7.243013765179135e+02 
1.864476789948404e+02 
9.731474660194979e+01 
4.269125635365354e+01 
-6.019127199636046e+01 
7.674018611621530e+01 
3.072153923169313e+02 
3.531514785038698e+02 
7.796072429160117e+01 
-1.170313626126884e+02 
1.215763964210897e+02 
-1.525667420506289e+01 
9.300394615080577e+01 
-2.196565333474256e+01 
5.963628723119002e+01 
2.043324447425066e+02 
8.618750849004167e+02 
3.858687911828587e+01 
3.129974294363533e+02 
2.487766231737597e+02 
1.455890971267642e+02 
9.205824671968327e+01 
1.204133588988192e+01 
-6.302308255065364e+01 
1.668942161609985e+02 
7.671712421349550e+02 
1.609512895094998e+01 
1.600968692146057e+02 
1.899439521817377e+02 
2.084689406810437e+02 
5.213689212187887e+01 
-1.658971204733684e+02 
-5.515077472195556e+01 
1.386969060490547e+01 
6.276138414879347e+02 
-4.890737536806427e+01 
1.072211682483968e+02 
1.091406944032322e+02 
7.249061562077316e+01 
2.846549649484462e+02 
1.795220475030429e+02 
2.265776561987266e+01 
1.318443618068402e+02 
7.761204401805040e+02 
2.068241263280761e+01 
1.034800933238475e+02 
2.092573032388959e+02 
1.789943691046820e+02 
2.410340311015671e+01 
4.909615073120295e+01 
4.891453583606211e+01 
8.616636518190566e+00 
6.950885719996987e+02 
9.374936697110762e+01 
-6.016150971261689e-01 
2.111866860873278e+02 
7.724388339521924e+01 
1.570378685934313e+02 
-1.117694728343930e+02 
4.842796695327526e+01 
3.655449917106687e+02 
5.260321908970324e+02 
-7.671538870845997e+01 
-9.152198819383686e+01 
4.678877355338417e+01 
3.093043350380019e+02 
1.196747763023428e+02 
1.899595802907932e+02 
1.148205112863823e+02 
1.992185915224343e+02 
5.554645218523870e+02 
1.584651897498941e+02 
2.803929126951224e+02 
2.492168534076685e+02 
1.645726600013213e+02 
1.489768165620225e+02 
6.803002951393039e+01 
1.210040658437073e+02 
2.337042002630444e+02 
5.099641970553233e+02 
2.983221055790741e+01 
1.853632595561606e+02 
8.457708024464205e+01 
1.451738986041352e+02 
1.456045757905179e+02 
6.304385846052482e+01 
1.748496838807914e+02 
4.819961426446284e+01 
6.876486677854964e+02 
1.715601445523879e+02 
-1.304553300988730e+02 
3.327814076472716e+02 
3.371615448399091e+02 
2.642602881414320e+02 
5.330559517015245e+00 
-2.021584794900983e+02 
4.111831037539205e+02 
6.018130158127977e+02 
-1.388149517578719e+02 
3.490624903890255e+02 
2.382077797970759e+02 
-5.114552893901417e+02 
-1.291088811934010e+00 
-1.617427712973072e+01 
-3.715092636416599e+00 
-1.317686340953870e+00 
6.437489123143823e+02 
-1.055771536166317e+01 
-1.076411509838271e+00 
-1.327802951577660e+00 
-1.003873630522745e+00 
-1.291088805414465e+00 
-1.617427695345167e+01 
-3.715092838513258e+00 
-1.317686341268687e+00 
6.437489123143823e+02 
-1.055771536166317e+01 
-1.076411515716474e+00 
-1.327802951577660e+00 
-1.003873630522745e+00 
-1.291088800237229e+00 
-1.617427681346626e+01 
-3.715092999000548e+00 
-1.317686341518687e+00 
6.437489123143823e+02 
-1.055771536166317e+01 
-1.076411520384411e+00 
-1.327802951577660e+00 
-1.003873630522745e+00 
-1.291088796125995e+00 
-1.617427670230236e+01 
-3.715093126443008e+00 
-1.317686341717206e+00 
6.437489123143823e+02 
-1.055771536166317e+01 
-1.076411524091271e+00 
-1.327802951577660e+00 
-1.003873630522745e+00 
-1.291088792861271e+00 
-1.617427661402748e+01 
-3.715093227644988e+00 
-1.317686341874858e+00 
6.437489123143823e+02 
-1.055771536166317e+01 
-1.076411527034860e+00 
-1.327802951577660e+00 
-1.003873630522745e+00 
-6.081584791904314e-01 
-1.242785599008671e+01 
-3.715093308010281e+00 
-1.317686342000046e+00 
6.437489123143823e+02 
-1.055771536166317e+01 
-1.076411529372364e+00 
-1.327802951577660e+00 
-1.003873630522745e+00 
-1.291088788209964e+00 
-1.617427648826200e+01 
-3.715093371828845e+00 
-1.317686342099462e+00 
6.437489123143823e+02 
-1.055771536166317e+01 
-1.076411531228593e+00 
-1.327499197386127e+00 
-3.097855819710138e-01 
-1.291088786575097e+00 
-1.484886272708418e+01 
-1.970010534086373e+00 
-1.281484728240877e+00 
6.437489032213567e+02 
-1.242609779638100e+01 
-2.599340029747305e+00 
-1.356102361274892e+00 
-2.382208656219308e+00 
-1.204586722174835e+00 
-1.607531554488353e+01 
-3.945638148902257e+00 
-1.216152759075466e+00 
6.478663978207331e+02 
-1.088788301627172e+01 
-9.963816248519362e-01 
-1.744538543326221e+00 
-9.891554421965003e-01 
-1.306377660149902e+00 
-1.814808580045225e+01 
-8.738169581998129e-01 
-1.315128938570565e+00 
6.437229314862482e+02 
-8.353492519333672e+00 
-1.078315195776401e+00 
5.764456176770630e+01 
4.164975135891245e+02 
3.064161346133328e+02 
-3.394823365479892e-04 
-7.128858243667497e+00 
-2.933231952140199e-01 
5.942803694894131e+02 
-1.468044385793413e+01 
-2.966659323945016e-01 
-3.483274800443032e+00 
-2.923824473173629e+00 
-2.362576558450189e-01 
-1.082671116335437e+01 
-6.421638807767996e-01 
-2.821038395015481e+00 
6.411533536395330e+02 
-1.002437778439340e+01 
-2.838586172173331e-01 
-2.909687463575716e-01 
-2.529551221224700e+00 
-3.340722006158033e-01 
-1.157183357939546e+01 
-9.518636501813057e-01 
-1.195644508744173e+00 
6.394106134222035e+02 
-1.056129270947643e+01 
-1.015444974440141e+00 
-4.567380002075515e-01 
-1.265984524906920e+00 
-1.238805623900085e+00 
-1.566957069013122e+01 
-1.356001951482968e+00 
-2.683731174538193e+00 
6.357618943543655e+02 
-3.920002303783607e+00 
-2.596733211587679e+00 
-1.111352443708508e+00 
-9.251953103470364e-01 
-1.231543725295861e+00 
-1.779002462387943e+01 
-3.530105345581137e+00 
-1.716027350602170e+00 
6.412088516584852e+02 
-1.266987673503999e+01 
-9.465354385915556e-01 
-1.401470188793303e+00 
-1.099114350996292e+00 
-8.497816894911029e-01 
-1.808603202065988e+01 
-1.138781516927184e+01 
-1.288447422415989e+00 
6.317822521763544e+02 
-1.585832803042044e+01 
-1.268066857460781e+00 
-5.276852602743609e-01 
-4.459026628088784e-01 
-8.397720700722661e-01 
-9.077670084411627e+00 
-3.051751548270307e+00 
-1.712152968996668e+00 
6.360831875156548e+02 
-5.783199216250880e+00 
-5.193184478571994e-01 
-1.712814010969989e+00 
-2.829841295664350e+00 
-2.472745704809892e-01 
-1.500843842015215e+01 
-2.259193372603724e+00 
-1.515471731687508e+00 
2.578623502320451e+02 
-1.231676370457271e+01 
-9.196993162476352e-01 
-8.793654122944230e-01 
-1.045676354978588e+00 
-8.874611797387670e-01 
-1.561471549892396e+01 
-8.992938979277994e+00 
-1.561404752404031e+00 
6.227650494922369e+02 
-6.929198918035397e+00 
-3.577988058474913e+00 
-1.375795595665048e+00 
-8.843561543383460e-01 
-1.257501860430806e+00 
-1.655872148153344e+01 
-2.755349455030706e+00 
-1.171847797509426e+00 
6.459550238207070e+02 
-7.578055637813012e+00 
-1.087257257709391e+00 
-1.230805989953369e+00 
-1.109964123667313e+00 
4.503840686710360e+01 
2.599738912526088e-03 
5.427984126053942e-02 
1.434758870691923e-02 
6.123753797787646e+02 
1.473223015088323e-02 
3.812931370562070e-04 
1.290654653424518e+02 
7.218903518003325e-03 
2.858799640552041e-03 
7.352898026216717e-03 
-4.316167998716667e-04 
7.252740951147919e-03 
6.100758062242377e+02 
-3.234121596116994e+00 
1.626100324979679e+02 
1.752438201307239e+02 
2.238213173064015e+02 
1.145019104484997e+02 
1.272707168820522e-03 
2.092733849243859e-02 
1.053637339951705e+02 
4.342199091510456e+02 
4.245021892413166e-03 
1.826928855584067e+02 
3.609839889924449e+01 
1.942401195569545e+02 
1.413293705245453e+01 
2.351790309191825e-02 
5.684343692955629e-04 
4.721597181711023e-04 
6.325296245753441e+02 
3.052189321051178e-03 
3.531094917923544e-03 
9.724583333168069e+01 
6.374563026467743e+01 
1.413794141696317e-03 
2.540050552129076e-03 
-6.798940842509127e+00 
1.073060667178625e+02 
6.599603295765406e+02 
3.218883193668730e-02 
8.343643597978881e+01 
3.139879100313282e+02 
9.130525101132693e+01 
2.997569645999359e-04 
1.101849194461237e-02 
6.708312397193529e-03 
1.618916144720817e+01 
6.043745472208471e+02 
-7.688831240898104e-03 
-3.343987974860015e-04 
-4.661979494183069e-03 
3.430380599324204e+01 
5.676752915057843e-05 
5.171709494417426e-03 
-2.936136494584828e-02 
5.613700655167097e-04 
4.313561176842616e+02 
3.375916836062496e-04 
1.173337443390261e+01 
-2.520249840329994e-02 
4.005468746845640e-05 
4.550331892186351e-03 
2.739231288948746e-03 
7.044880823291126e-03 
1.538228301580688e-04 
5.581381260880191e+02 
2.873540011979243e-02 
-5.542854205026641e-05 
1.957231939333483e-05 
1.408731954747239e-04 
4.629144527043255e+00 
-1.101302633551804e-02 
4.708110167881511e-03 
4.770238648305155e+01 
6.430959393154858e+02 
2.248651243090054e-02 
3.488772168955733e-03 
4.360829310255908e+01 
-1.177538599265147e-04 
5.000915094450904e+01 
7.120128139023935e+00 
1.384376520215920e-03 
8.075708056891936e-03 
5.952638542553161e+02 
9.405311665101163e-03 
1.424045559842850e+00 
1.699086976429055e-02 
1.141602000009421e+01 
-1.232619595876368e-02 
-1.270791991258292e-03 
1.015946948862149e-02 
1.559685781172523e+02 
6.568298496399876e+02 
6.820900132879314e-03 
-6.980774411145009e-01 
-1.382402402858850e-02 
3.910120077134769e+00 
1.449121909662490e-03 
9.657068221469323e-03 
2.447602311544187e-02 
2.073062153024690e-04 
5.834767477755610e+02 
-3.160532959821904e+00 
9.151236810068102e+01 
9.101674029083516e+01 
7.234534168662967e+01 
2.028834104773309e+02 
8.824754909750829e-03 
-1.687325719845491e-04 
4.470065516110467e+01 
6.580891644576759e+02 
5.181924655096311e-03 
4.651986766642612e+00 
6.617259280470204e-03 
1.122144285876550e+00 
1.240172821289113e-03 
-1.082207588813591e-04 
7.459674638142751e-03 
1.121451406337921e+02 
6.194917546936999e+02 
2.342088053286380e-01 
7.906650208782639e+01 
2.716283112027158e+02 
6.438930878855889e+01 
2.208143468190939e+01 
1.180614267425939e-03 
3.211350753747459e-03 
6.413228255313821e+01 
6.438566929981627e+02 
3.339441587512859e-03 
1.494046671766964e+02 
6.473894781353039e+01 
1.264427453270404e+02 
-4.100236275600752e-03 
5.977603114196211e-03 
6.798858536032334e-03 
1.334202883848078e+01 
5.814932309590608e+02 
2.341677985785006e-02 
1.484613550743293e+02 
1.856771892169312e+02 
7.970048466807104e+01 
2.332474924485908e-03 
2.424838004039779e-03 
8.978018020296482e-03 
2.235042601339189e+01 
6.728737149727264e+02 
1.469473164026554e-03 
4.593702913354284e+01 
4.576827395741553e+01 
4.700690132507452e+01 
6.224900473775206e+01 
2.126882129348419e+00 
4.992027591636936e-02 
2.083355861267935e+02 
5.407313432712207e+02 
1.068080140935956e-02 
1.247689453223842e+02 
9.891133739352234e+01 
1.188087237905159e+02 
2.842973333640727e+01 
2.159283264122555e+01 
4.988346601874761e-02 
1.444727817590869e+02 
5.857769399193683e+02 
1.180910719901494e+01 
4.928055808289613e+01 
2.004814910604531e+01 
2.175745018508756e+02 
2.254739449648945e+02 
2.696127713147929e+01 
-4.884044963617891e-03 
1.222958396361271e+02 
7.082809890915369e+02 
-5.109788569233570e+00 
1.512308666389860e+02 
1.662512501026895e+02 
2.078296863314472e+02 
1.731196954003291e+02 
5.938448358731276e-03 
-2.396917700235275e-03 
-3.791837830254331e-03 
7.717714125676761e+02 
2.937822252065863e-03 
1.397313351390287e+01 
3.971506715282725e+01 
1.562346201804624e+02 
8.644955390568148e+01 
4.024038965964986e+01 
5.498442103926868e+01 
5.182481125628907e+01 
6.393686724219659e+02 
8.555796583740088e-03 
8.373765758800072e+01 
5.611888975966675e+01 
-4.097422361066660e-04 
7.441498800698933e+01 
1.494808269650943e-02 
7.275937859196247e-03 
3.262732340081698e-03 
4.026242857251805e+02 
-1.682179326630648e-02 
3.229228224877890e+01 
1.010555337547579e+02 
-3.808286744017146e-03 
4.991042193877519e-04 
5.441440680536499e-05 
-1.575028218655927e-03 
-5.576853147129205e-03 
4.846630781926957e+02 
-2.707987704542589e+00 
2.448385354994432e+02 
7.436957293656390e+01 
-6.631373098117140e-03 
1.655619885817129e-02 
1.571858281563681e-02 
7.596765748073600e-03 
1.571858281572963e-02 
-1.127604160303806e+00 
2.245635699516827e+01 
1.591248476098288e-02 
1.233625765347869e+01 
5.378991855734977e-03 
7.280727152952881e-03 
7.455000011239416e-03 
1.631067176823525e+00 
4.802636733877863e+01 
2.212943929323791e-02 
1.420871575948469e-02 
8.629766471815200e-03 
2.122047689705369e-02 
2.322212776475567e-02 
1.359101216648611e+00 
1.835621179953617e-02 
1.150380230602682e-02 
6.054664151267589e+00 
5.778478628246067e-02 
6.964593537439151e+01 
1.699766456615744e-04 
4.099345217998987e-03 
-2.277016266199357e+00 
2.376821937790213e+01 
3.843752576745606e-02 
1.361521212513088e-02 
3.013509707635555e+01 
2.641979610991729e-02 
2.056275983695472e-02 
-8.513330232684101e+00 
9.118213420076743e-02 
1.934952043683615e-02 
8.631706112579010e-03 
1.262532826878163e-02 
8.604433185302372e-03 
1.861544553907138e-02 
-1.881390902924479e-03 
1.856124046189934e-02 
-1.428074800274426e+00 
-1.601869490222742e-02 
-6.338190732471220e-04 
-1.998615671039838e-02 
1.010206023096995e-02 
-1.537847772881122e-02 
-2.318575558989268e+00 
-3.638971940401507e-03 
2.013770563621204e-03 
1.316873520192943e-02 
1.027731460699447e-03 
9.183340440971419e-04 
7.862743122618466e-04 
1.461038767762041e-03 
9.904985779019858e-04 
1.769683968990484e-02 
3.686784657735496e+00 
5.462698967132771e-03 
5.236348680616488e-02 
1.084846076892163e-02 
5.419104397512474e+00 
2.953804464266466e+01 
-1.164096931339840e-02 
-1.158798833130764e-02 
8.860903703160025e-03 
8.336831692548206e-03 
8.820920953798753e-03 
1.733241939941082e-03 
8.588085632912419e-03 
1.188946917170312e-02 
8.714420463390497e-03 
1.401696938970705e-03 
3.389874122158986e+00 
1.019140789338156e-01 
1.323333487166739e-02 
1.022268095907944e+02 
1.110261193112284e-02 
1.122490686801496e-02 
2.350279967422004e-02 
1.001024720667531e-02 
3.492824712543605e-01 
1.368082616917537e+01 
2.344219724844329e-02 
1.095616725838116e-02 
1.212970751461412e+02 
4.206596850392760e-03 
-1.294533276607551e-02 
-6.898507081453064e-01 
6.748070304765331e+00 
9.160825791050209e-03 
1.145555332709890e+01 
1.877852909730160e-03 
1.139536718574350e-02 
1.116922423650065e-02 
-1.666375793097147e+00 
4.023556900275471e-02 
1.674121857812422e-02 
3.281537380347789e+00 
1.669287110648635e-02 
-1.467447919648372e-02 
3.865601786948924e-03 
2.781301763977873e-03 
7.216246969643637e-02 
2.289686919998313e+00 
-2.418784383050014e+00 
3.248604416124899e+01 
2.918249895090621e+01 
-2.594552518711001e-03 
6.803037893506874e+00 
-1.199340811373337e-03 
1.133903480256017e-03 
1.468891684413253e-03 
1.519121769280856e-02 
1.449460621670245e-02 
1.539381887764646e-02 
7.385213908078049e-05 
1.442128113868574e-02 
1.633100331199740e-02 
6.190517633060852e+00 
5.228363497340872e+00 
1.082501183533243e-04 
1.298057510952186e-02 
5.778724035119854e-01 
3.188613366663469e+01 
2.104154911738837e-02 
-2.161157117918731e-04 
3.625377516805661e-05 
5.457914157552291e-03 
1.267671301377160e-04 
5.471203367180981e-03 
3.167422018169046e+00 
1.843193547510185e+00 
-1.614650505887085e+01 
8.132522675312946e-03 
-1.720364353025917e-03 
-1.771814249710238e-03 
1.261720356862162e-02 
-1.730371808270047e-03 
-8.310376452536342e-01 
2.161044736956994e+01 
2.261092221156626e-03 
1.477385200883588e-02 
7.167996717119344e-01 
-3.657958658944635e-02 
-3.673932644345578e-02 
2.104899081674063e+00 
1.527015880830493e-01 
-9.158212958329730e-03 
-1.610484493769023e-03 
-2.321230442481123e-03 
-5.962454531156071e-03 
-5.556304054783912e-03 
8.987195158686133e-01 
-4.024741083149855e-03 
8.050317818821105e+00 
-5.223926816917393e-03 
5.795893965473146e+01 
-1.906940692339248e-01 
-7.239398172383738e-04 
-5.695768151290397e-02 
3.060813768694298e+00 
9.268811940094549e+00 
2.656506326904630e+01 
1.778044237129530e-03 
2.197369727665537e+01 
5.043308367135024e-03 
5.035626929607262e-03 
2.993242960890652e+01 
1.889392387739116e+01 
5.113167825738233e-02 
5.945932700328294e-03 
2.957666947998440e-03 
5.945932700328294e-03 
-1.312364881812592e-03 
5.471808797344197e-03 
2.183255199749252e-02 
2.227650813085931e+00 
1.197019171278768e-02 
9.623183805821398e-03 
-3.744882921818984e-02 
-3.996910382849463e+01 
-3.978183627992584e-03 
-1.592924376171929e-04 
4.487951170051739e-03 
-4.129220346665506e-03 
-5.812268549794130e-03 
-2.482716018464046e-03 
-4.290545624718823e+00 
-1.435210528176575e+00 
1.105929808649432e-02 
4.525315911759509e-02 
2.158756941239298e-02 
2.662668989457165e-03 
1.774460078068237e-02 
6.283439522166390e-03 
-1.460349842018421e-03 
9.001015768681748e-03 
7.391520739513061e-04 
-6.572480676263215e-06 
1.270467235403546e-02 
9.524646430286906e-03 
2.996240178332833e-03 
6.777417623423502e-03 
3.862130226760137e-03 
7.064122167343374e-03 
1.202926546703532e-02 
5.084418171291186e-03 
-2.764206053333870e-04 
7.992907212410080e-03 
-4.257963486756107e-04 
2.872293692163477e-03 
8.201922819751878e-03 
-5.087234501309474e-03 
-8.073249684609802e-04 
5.248334188654223e-02 
6.804559145025152e-03 
9.836946615041236e-03 
1.954378105176699e-03 
3.141136620394209e-02 
1.812937334805188e-03 
8.968670715816692e-03 
1.388410539548995e-02 
4.309264906582769e-02 
2.641263196720070e-02 
3.537592150170012e-02 
1.245674980276983e-02 
-5.198087136822162e-03 
1.099340832994548e-02 
4.889730732578580e-02 
4.144055365683717e-02 
5.556005163370316e-01 
7.026784390671401e-02 
1.411612799008682e-02 
-1.220056546648508e-02 
6.252592320181882e-03 
-2.971949545914634e-03 
1.006401298360774e-02 
-2.648695548153603e-03 
2.880047143340943e-04 
8.670030045836620e-03 
1.927812776778122e-02 
-1.388344342243126e-04 
1.670744655410162e-02 
1.928293694924373e-02 
-1.823439773984966e-02 
-1.522575725753341e-03 
4.853488341289046e-02 
1.487453505491925e-02 
8.348787789697498e-03 
6.672129175503645e-02 
1.771735771899764e+01 
7.609397602426183e+00 
1.925232779695204e-02 
1.456880796212590e-02 
6.128238039965432e-03 
1.165817478198400e-02 
1.578642827558401e-02 
4.699338542437326e-02 
1.846079287493833e-02 
3.696018804064592e-02 
1.183167748717090e-02 
-1.913782200561407e-03 
1.335385622655041e-02 
-8.464301775872313e-03 
1.306294493655308e-03 
1.041960568917898e-03 
-5.786879360003868e+00 
7.292272925874396e-04 
2.803654891963960e-02 
1.174130798330952e-02 
9.473587458330525e-03 
1.564556785278714e-03 
8.106160687362977e-03 
-1.174874402966062e-02 
2.631065317374440e-03 
2.712796436998870e-03 
-1.776332578691395e+01 
-9.830040450794121e-01 
-6.645613062915535e+00 
-4.904836053802437e+00 
1.376681696794660e+01 
-4.951899132046128e+01 
-2.625620303397314e+00 
-2.719301764417066e+00 
-6.249907530424101e+01 
-2.018969071303336e+01 
-5.515096545858938e+01 
1.347524901654301e+02 
-4.994040128817048e+01 
-2.182871828743051e+01 
1.052554380970750e+02 
-9.899608283251612e+01 
-3.694547476742396e+01 
-3.223196552496749e+01 
-7.840664948293887e+01 
1.058391059700732e+02 
9.415423433655874e+01 
1.293770304146990e+02 
-1.053942082115695e+01 
-3.665274903993529e+01 
6.341246395043121e+01 
-4.972040235165993e+01 
-1.070612106124371e+02 
4.475964690009921e+01 
-3.589852157891752e+01 
-2.297351957046563e+01 
-4.030863502673364e+01 
-1.756002507789686e+01 
1.055445284265917e+02 
7.161781900991615e+01 
1.987423020720364e+01 
-4.276128106453901e+01 
3.198370134034015e+01 
8.128514969164408e+01 
9.682324093930521e+01 
-1.092195614174714e+02 
-3.966121121744730e+01 
-1.368019020090247e+02 
-8.093088314490407e+01 
9.197895346983171e+01 
-4.388722545389806e+01 
-9.975620682307152e+00 
1.065049887657527e+00 
8.972011667994147e+01 
1.003972211365425e+02 
-4.790794153466956e+01 
-3.525539002136725e+01 
-2.850000267699757e+02 
-2.849999573475109e+02 
-1.997194842829360e+02 
-2.064926444526753e+02 
-2.850001938495070e+02 
-2.050899441871685e+02 
-3.391687147976205e+01 
-1.435133716838145e+02 
-2.760104795646894e+02 
-2.727786241780061e+02 
-2.254391967568706e+02 
-8.963766348278278e+01 
-1.462101124915638e+02 
-1.563130640643064e+02 
-1.394408976711083e+02 
-9.865801779272846e+01 
-2.014808629806332e+02 
1.169182321040588e+02 
3.206774500288818e+01 
2.540831328955350e+01 
-2.036333434491790e+02 
-2.564321462583726e+02 
-2.736260638373232e+02 
-2.849997578506553e+02 
-1.974313025742169e+02 
-1.270220816305974e+02 
-1.198738001652141e+02 
-1.906998663603860e+02 
-1.708902499481829e+02 
-2.850006484790453e+02 
-2.850011203278691e+02 
-1.462184063841246e+02 
-1.509873683257081e+02 
-2.850001096102728e+02 
-1.675536689409309e+02 
-2.850275197434516e+02 
-2.639375850044749e+02 
-2.850005722626279e+02 
-2.849919229367478e+02 
-2.850002975239697e+02 
-2.849995164464653e+02 
-1.694564845416890e+02 
-1.492302980273692e+02 
-2.052336557279981e+02 
-1.987578282704373e+02 
-1.990505977820694e+02 
-2.027805387608400e+02 
-2.490252216592247e+02 
-2.320637927769045e+02 
-2.349851416087714e+02 
-2.148191244535906e+02 
-2.069858108754497e+02 
-2.026450728066800e+02 
-2.850001799973553e+02 
-2.659589355025131e+02 
-7.398413092675220e+01 
-2.519326202875368e+01 
-2.850000821315812e+02 
-2.736060334091596e+02 
-1.929690087474814e+02 
-1.798558941675286e+02 
-2.850000855173844e+02 
-1.715445601947668e+02 
-1.455717740757810e+02 
-1.000442165950815e+02 
-1.141594981795282e+02 
-1.146047083240749e+02 
-1.048814043313175e+02 
-5.908637416411444e+01 
-9.624761429721143e+01 
-4.657957581249138e+01 
-2.849998899752405e+02 
-8.199058114574942e+01 
-1.689316080710511e+02 
-1.518948225809499e+02 
-2.850018219207321e+02 
-2.850042011479429e+02 
-2.849996523647627e+02 
-2.347286941092678e+02 
-1.561322434529610e+02 
-1.334644935371770e+02 
-1.000168589887262e+02 
-9.274925158046067e+01 
-9.415422086897821e+01 
-7.067958319328459e+01 
-6.242300776093768e+01 
-4.078522505060355e+01 
-1.223506526017000e+02 
-9.542454187386481e+01 
-1.403919044081763e+02 
-1.370507411142242e+02 
-2.850006349798509e+02 
-2.209788064000028e+02 
-1.505438769402032e+02 
-1.493115418553712e+02 
-2.850022415919028e+02 
-1.387827140306586e+02 
-2.092954609946045e+02 
-1.985719950205075e+02 
-2.850012234563313e+02 
-2.282335958531839e+02 
-1.362875320138862e+02 
-3.131525469157380e+01 
-5.820613093498240e+01 
-8.012368706158937e+01 
-9.370572621464703e+01 
-2.330595476690477e+01 
-3.668198122764133e+01 
6.297521825129866e+01 
-2.939999241171438e+02 
-4.173635434728905e+01 
-2.099268310629867e+02 
-1.254748740627051e+02 
-1.503202006900204e+02 
-1.828812407683402e+02 
-2.939999915226901e+02 
-2.939783521141216e+02 
-1.507012859855595e+02 
-1.630839460764672e+02 
-7.860169604978472e+01 
-7.101153320416603e+01 
-6.274609758371185e+00 
-1.794679252045436e+01 
5.746049801739938e+01 
5.089353978705670e+01 
-1.933619704566466e+02 
-3.117514046072378e+01 
-1.062037832391968e+02 
-1.286398117439623e+02 
-2.940000947596767e+02 
-1.612154862081646e+02 
-2.134884560217445e+01 
-4.251539024865195e+01 
-2.939999911148679e+02 
-1.713351815208794e+02 
-2.939997538405636e+02 
-2.654924901844315e+02 
-2.940003753798205e+02 
-1.672368927397059e+02 
-2.939999804626725e+02 
-7.073468533815849e+01 
-2.939997825657724e+02 
-1.453481490897581e+02 
-6.702459858144017e+01 
4.515279790426101e+01 
-1.065378261613214e+02 
-2.939997716391875e+02 
-2.152633351017344e+02 
-6.745304134367360e+01 
5.903051014668883e+01 
-3.822561607571103e+01 
-2.328783495036940e+02 
-2.940001868803084e+02 
1.838056940510825e+01 
-2.940000339340211e+02 
-2.940001720637884e+02 
-2.940000575181601e+02 
-2.939997135166955e+02 
-2.939998371768355e+02 
-2.939961561997288e+02 
-2.836362803229623e+02 
-2.939995251478817e+02 
-2.939996016726839e+02 
-2.860926865933297e+02 
-2.939983510110135e+02 
-2.940004369083700e+02 
-2.939991676251282e+02 
-2.939999314487140e+02 
-2.939997517553973e+02 
-2.802844921686021e+02 
-2.940004542739611e+02 
-2.940000969062085e+02 
-2.940002538536230e+02 
-2.920659191247639e+02 
-2.939999000911947e+02 
-2.940002556444024e+02 
-2.940000123974135e+02 
-2.939998054675475e+02 
-2.896726336398951e+02 
-2.940001602783506e+02 
-2.939997600387705e+02 
-2.939998053255855e+02 
-2.802574508229924e+02 
-2.939997869302324e+02 
-2.939998326019170e+02 
-2.939997122631323e+02 
-2.940001208455247e+02 
-2.940007804048886e+02 
-2.940005279893221e+02 
-2.939996099039971e+02 
-2.939998722580665e+02 
-2.939987101906382e+02 
-2.939995737919576e+02 
-2.939986731078342e+02 
-2.939997758683745e+02 
-2.939986746376533e+02 
-2.336287890530440e+02 
-2.939999534675415e+02 
-2.939998249820654e+02 
-2.939999383219546e+02 
-3.594138775205183e+02 
-3.632896860081638e+02 
-2.929998014588193e+02 
-2.849996356492086e+02 
-2.849998146005758e+02 
-2.939997786954189e+02 
-2.939998857196715e+02 
-2.929997773077121e+02 
-3.617132873055016e+02 
-2.850003150858136e+02 
-2.939997482446419e+02 
-2.929997823411046e+02 
2.075165737203482e-05 
-9.274247544645335e-05 
-9.475416135178096e-05 
4.407548782355758e-04 
3.592435811690317e-04 
-2.826646315365147e-04 
-1.651928353171260e-04 
-1.057454114932580e-04 
2.186961609845578e-04 
-1.104244403208779e-04 
-1.153308411755177e-04 
3.596261082104969e-04 
-3.767288917911063e-04 
-2.119848891304322e-04 
-1.810856838440089e-04 
2.452274927341236e-04 
-2.273837677778433e-04 
-8.458281127791546e-05 
-7.934209265225551e-04 
-1.116507204063324e-03 
5.921202312012822e-04 
-2.340646275744677e-04 
-3.498573082819371e-04 
2.333883168072175e-04 
6.152785072734602e-04 
1.334833028400805e-04 
-5.138217746337921e-02 
-7.057171303997510e-04 
9.595606968053124e-05 
1.400033098504619e-04 
3.526418601545881e-06 
3.986285382589013e-04 
-1.167955092287464e-05 
-3.225822568010510e-04 
-4.659280965920722e-04 
-2.171379428232849e-04 
-6.956405321344212e-05 
-1.276085851554157e-04 
4.818309482427237e-04 
1.874814275350448e-04 
1.976314915091622e-04 
-3.496545097918808e-04 
4.097582016121653e-04 
-5.540311601257922e-04 
-6.679076200649850e-04 
-7.929237088254219e-04 
-6.095800404189084e-04 
-3.935512266547321e-04 
-6.721287171561614e-04 
-6.200603554478504e-04 
-4.828987431172893e-04 
-5.159830575364005e-04 
-6.386044027802518e-04 
6.990291599798519e-04 
5.470906754419086e-04 
4.660282642490131e-04 
5.468314698818627e-04 
-3.440009054372415e-04 
-2.607423126189299e-05 
-1.370257724544322e-04 
-1.132494673561060e-04 
-9.166317550318108e-07 
5.153731575017301e-06 
1.473592236022858e-04 
-2.665984518905398e-05 
-9.690267458891732e-05 
-1.131480608229657e-04 
1.392573900894188e-06 
-4.726301692682440e-05 
5.296487466754053e-05 
-4.941950817688365e-05 
-1.496134300927505e-04 
-1.281570012853771e-05 
2.969530304744788e-04 
6.863076077913671e-04 
2.790797488900120e-04 
2.400323511378379e-04 
-1.236816537721943e-04 
3.658685941590570e-04 
-3.291893434622349e-05 
-1.205398522087268e-05 
4.452128807510024e-05 
8.491938998785884e-04 
1.235871975836112e-04 
5.028948058941132e-05 
7.811445717712791e-04 
1.851724897398956e-04 
-3.074722810734843e-04 
-2.000142017399403e-04 
1.081111153456679e-04 
3.664797538450244e-04 
2.069404405507296e-05 
-9.719458853924738e-05 
3.733310134982296e-04 
5.897493167377525e-06 
7.193442141883106e-04 
6.812745808047413e-04 
2.365087719474478e-04 
4.770443505420700e-05 
6.438858815860919e-05 
-1.988140642146280e-04 
-1.092469857679417e-05 
1.950979545026859e-04 
-3.582782982838283e-05 
-2.433414245749506e-04 
-8.596154506664625e-04 
-2.227687737191588e-04 
-1.122880380921994e-04 
2.011234160586707e-04 
2.900264371984522e-05 
6.215137506228401e-04 
3.368944119689887e-04 
9.628251085023020e-04 
-1.727494806748547e-04 
2.516593125778624e-04 
1.463959086272693e-04 
5.444527342164387e-06 
-7.501650427528783e-05 
-5.402906793395018e-05 
1.775815619219685e-04 
3.247372852056486e-04 
-1.329962646110962e-04 
2.010334098217734e-04 
-1.160323594982581e-04 
7.422525818902824e-05 
6.100049219252390e-05 
2.146639550061557e-04 
-3.179096955392830e-04 
0.000000000000000e+00 
-1.036188002595086e-04 
-1.846305159679782e-05 
-2.265641339576223e-04 
-1.523395545577989e-04 
0.000000000000000e+00 
0.000000000000000e+00 
4.823787209132893e-04 
-7.990870966562590e-05 
1.159283821932124e-03 
-7.467847909871540e-05 
1.024060249863282e-04 
-9.877899279217899e-05 
-7.330349464761604e-05 
1.641367339382808e-08 
2.066412250690496e-08 
4.276688153942121e-06 
3.978798360193658e-06 
-6.116369212558024e-06 
-6.652429972193726e-06 
7.893042486806503e-09 
-1.926470075649315e-08 
0.000000000000000e+00 
0.000000000000000e+00 
0.000000000000000e+00 
0.000000000000000e+00 
0.000000000000000e+00 
0.000000000000000e+00 
0.000000000000000e+00 
0.000000000000000e+00 
-3.920445818655905e-05 
0.000000000000000e+00 
0.000000000000000e+00 
0.000000000000000e+00 
0.000000000000000e+00 
0.000000000000000e+00 
1.359377324775592e-08 
4.764607878302096e-08 
0.000000000000000e+00 
1.198954924130044e-08 
-4.968070847206126e-05 
7.176836222819847e-06 
2.162544466262666e-06 
-1.134798961582603e-04 
-6.931778319546087e-07 
-1.893629002842609e-04 
-5.242956868232455e-05 
3.205492253272312e-06 
-4.967815492374010e-07 
2.222219467071086e-06 
-4.967815492373157e-07 
2.222219467070511e-06 
-4.858654082427923e-07 
-4.345224048943581e-05 
1.567244159700570e-05 
-3.316912645477528e-06 
-1.714192694755679e-04 
4.483945245543502e-07 
1.217761143350032e-04 
-1.334588921292976e-06 
-8.349053893479583e-07 
-5.046491443118624e-05 
3.639233106975957e-07 
5.534276242252657e-07 
2.136632018224492e-05 
6.123219171523268e-05 
6.186168933900215e-05 
4.151447235914730e-05 
8.724732609455156e-05 
1.390222983699044e-06 
9.467859167321769e-05 
2.804881252443904e-06 
-1.532750534087710e-05 
-4.670178448811635e-05 
2.198278359350639e-05 
-4.569960660395886e-06 
3.783584266393448e-06 
-4.971551202932819e-06 
1.127930368830764e+00 
2.079882786794815e+01 
-1.291637714644754e+02 
3.153571008145092e+02 
9.273033550407552e+00 
1.335299566489562e+02 
-3.024781917698072e+00 
1.102063634243186e+02 
-3.144796245830249e+00 
2.675287414652137e+01 
4.030485720841543e+00 
4.126382855183251e-03 
-6.764286536403662e+01 
-3.135894598774235e+01 
-3.903658880407694e+00 
-6.098040125348914e+00 
2.727676579842059e+00 
9.722697920120414e-01 
-1.040972529758670e+00 
4.118734472783472e+01 
-7.150278121790936e+00 
-5.173074853704809e+01 
-1.419884868548223e+01 
9.170968483871147e+01 
7.492046891321706e+01 
-8.449718773776574e+01 
6.938691231309275e+01 
6.222142635702027e+00 
2.227921884445379e+01 
1.138046884419775e+01 
2.298992847097934e+01 
1.029894066719668e+02 
2.220001345281504e+01 
-2.961573356171372e+01 
3.471683522343042e+00 
-2.474776911586029e+01 
-5.553654832149477e+01 
-3.009329316656859e+01 
4.614611429349898e+01 
3.026472519836786e+01 
4.794308004785572e+01 
4.251263205329958e+01 
1.950675794853117e+01 
1.652121775837704e+01 
-4.073467061387795e+01 
8.037516320624250e+01 
1.159138228468863e+01 
-1.071223774874862e+02 
-1.094688784475056e+01 
-1.650299909480758e+01 
-2.386574627818448e+01 
3.160297761253402e-01 
6.875799678947513e-01 
-3.034726633722168e+01 
-1.451194736260066e+02 
-2.027625749707172e+01 
6.119789541030776e+01 
2.425028413978749e+01 
-6.263500195503604e+00 
-8.082521750043429e+01 
7.214910236472812e+01 
1.769084086938821e+01 
7.661467610408502e+01 
2.633944830828404e+01 
3.151432069151249e+01 
-1.794003525305039e+01 
-2.942385357804276e+01 
6.038777151834523e+01 
2.466287719471391e+00 
-1.099795269127437e+02 
2.531942148322677e+01 
6.094974572518232e+01 
8.714725362653348e+01 
-4.280573746955358e+01 
1.611383691758606e+02 
2.063028985863000e+01 
7.227651865843707e+00 
2.356552038172584e+01 
7.342259443125721e+00 
-1.152205796018114e+01 
-2.694391206069802e+01 
-1.225426275448816e+02 
3.425274916148283e+01 
1.206430125039905e-01 
2.272010948119668e+01 
1.372929966941465e+02 
8.247685022948325e+00 
3.148432754398431e+01 
3.878875003866640e+01 
1.955359327960933e+01 
-6.469457882460135e+00 
1.815335736194983e+01 
1.681829998535769e+00 
2.162227868542857e+01 
-8.687338669214171e+00 
2.232196481990566e+01 
3.177369403800135e+01 
-2.834193255534111e+01 
-3.901964255143871e+01 
-2.367411163572639e+01 
-6.604046043516743e+01 
-7.699077960091847e+01 
9.812409495444036e-01 
-3.930500393993542e+01 
5.055379920279741e+01 
-2.620947817219434e+01 
-4.597030919912505e-01 
3.807228339283650e+01 
4.945703624943319e+01 
-9.647927051888812e-02 
-3.749049720363951e+01 
2.192530732226324e+01 
-4.877313987383184e+01 
1.016198165693389e+01 
-5.048576689833566e+01 
-2.926959288237257e+00 
-2.187148129649932e+01 
6.927164673093696e+01 
2.191437122400048e+01 
2.425933900203830e+00 
2.759684654994793e+01 
-4.308691823492275e+01 
-1.242176184553512e+01 
-7.580706793357024e+00 
-4.077358444558720e+01 
-1.456939805090339e+01 
1.313859528164646e+01 
2.593944438427438e+01 
6.198311374935877e+01 
2.825800890847092e+01 
5.405777480317819e+00 
-2.657496232348171e+01 
-8.366106513363626e+01 
-1.423992493272913e+01 
-1.664973570141416e+01 
-2.191780673018709e+00 
-1.793869665238887e+01 
-8.365722458377544e+00 
2.014779072086385e+01 
-8.539835388636385e+01 
1.803281381920254e+01 
-2.907817520592048e+00 
-4.737417423085192e+00 
-8.465391537292675e+01 
-4.705925098619456e+01 
-1.188980327958038e+01 
1.338390873731730e+01 
3.854042316465723e+01 
-2.892959372542241e+01 
1.973579903077075e+01 
4.795587066882868e+00 
-3.874661679131926e+01 
1.620652592899589e+01 
-2.669211465920760e+00 
-3.202450408204045e+01 
2.667984950538511e+01 
8.811313892015575e+01 
-8.532785366247015e+01 
8.807104912612957e-01 
2.548874697459491e+01 
-1.694789699788343e+00 
-3.200818491020658e+01 
1.487713904148733e+01 
-2.605805470446521e+01 
7.818007503130215e+00 
4.094284817679715e+01 
5.259345100061896e+00 
-1.056927904492486e+01 
5.420149157782418e+00 
-1.058312526510988e+01 
5.419979569722114e+00 
-8.832098801453956e+00 
8.747666520513324e+00 
-1.459584703917174e+01 
1.855443938297940e+01 
-1.446186531385599e+01 
-3.874775822851603e+01 
-1.195028408491756e+01 
1.117171541426657e+01 
-2.561696852297936e+01 
-3.072562281330319e+01 
-1.837549806556348e+00 
3.731177726921578e+01 
9.622294327575084e+00 
-3.015579679317350e+00 
2.526572078168643e+01 
-3.274563854617112e+01 
6.492458995769201e+01 
-3.868190340268373e+01 
1.042003456761539e+00 
-6.437447095772077e+00 
-2.039200783594876e+01 
1.474297448787485e+01 
-6.662611786743029e+00 
1.338700469448404e+01 
1.172739966892875e+01 
2.621003880100882e+00 
5.548729764879288e+00 
1.309713212130321e+00 
-9.370604269749549e+00 
4.296426441040332e+00 
-6.423735984851946e+00 
3.509507335944837e+01 
1.123634263139349e+01 
-4.059816660810890e+01 
5.140320733587694e+01 
-2.343467857212949e+01 
-1.193770859714824e+01 
-6.416775870133027e+00 
1.638144896749994e+01 
9.757600952270650e+01 
-1.322236582064084e+01 
-4.619694933617713e+01 
2.846841517197203e+01 
-2.297600351046150e+00 
-6.602529156528192e+01 
-2.863481044823417e+00 
-4.584230419970620e+01 
-2.537796189011452e+00 
-4.599979640117340e+01 
2.817948550688437e+00 
7.855658757933253e+01 
-2.636981796222194e+01 
-5.349471461486822e+01 
-1.383492365638998e+01 
5.078027461704107e+01 
-1.172466452653614e+01 
1.257733399071686e+01 
3.912754383545147e+01 
7.759688028036733e+00 
-1.418406259347447e+01 
9.330910305125718e+00 
-3.618605141680828e+01 
9.071518703346717e+00 
-1.292766450158899e+01 
-8.026519516773930e-01 
6.996312566119768e+00 
1.807666818361107e+01 
4.513841821235690e+00 
-6.698714824788843e+00 
1.533582051421124e+01 
-2.276262976457127e+01 
1.155651577001038e+00 
-7.922344911389940e+00 
-2.081174171453038e+01 
1.389816469823594e+01 
1.239423900286879e+01 
1.276877803599856e+01 
-3.392185598021956e+01 
7.823892996260854e+00 
-9.931210713326118e+00 
5.085889129969998e+00 
6.902823104898414e+01 
-8.272918866962736e+01 
-1.361777130156675e+01 
-1.561798033373390e+01 
2.961683930697379e+01 
2.035685942535071e+01 
1.717724720912653e+01 
-3.236591890961684e+01 
6.077065890899500e+01 
-2.473529703168321e+01 
-1.468605593147394e-02 
-5.510772030338528e+00 
-9.931781088067957e+00 
1.441875455073953e+01 
1.145206850686248e+01 
-2.070447551627395e-01 
3.330669088506608e+01 
-1.788260150823252e+01 
-5.294871857153822e+00 
-1.098250054246962e+00 
-1.303256137342160e+01 
-7.136055933251541e+00 
-2.658856276943043e+01 
2.779042843022301e+01 
7.650181622637873e+00 
-1.467710195845335e+01 
5.088306749364207e+01 
-1.259996754746450e+01 
5.300083052882636e+00 
1.284958385017744e+01 
-1.864640786568726e+00 
-3.566411801388144e+01 
-9.303728456730028e+00 
-1.084245824931333e+01 
8.187314187328900e+00 
-1.389074821869736e+01 
1.511408338051686e+01 
5.721330324826333e+01 
-2.802254670426291e+01 
-2.341609976807620e+01 
6.544079774041298e+01 
-1.297424236678871e+01 
-4.451568403924460e+01 
-3.487875799911784e+00 
-2.244689586477339e+01 
1.471556750796504e+01 
3.421019022578110e+01 
1.135407040452802e+01 
1.412932558903739e+02 
-5.073031217557124e+01 
-2.263456067716169e+01 
4.856558321841376e+01 
-2.207753809482563e+01 
2.764102259257846e+01 
-2.264005024527393e+01 
5.774000335610479e+01 
-2.256064103425622e+01 
1.110806339391805e+01 
-4.390104796381298e+01 
6.881428556622789e+01 
-8.486156563881493e-01 
6.395757484359338e+01 
-6.116955751270729e+01 
-3.166695777606493e+01 
-6.824624490251857e+01 
-3.409238081961715e+01 
4.528484182099598e+00 
7.368675445496243e+00 
-7.214754953717413e+00 
-3.646416505984028e+01 
-5.755975317981241e+00 
6.271920013782476e+01 
-7.810180458979508e+01 
-1.799863281997408e+01 
9.437080329155444e+00 
1.429602402208604e+01 
3.178813108414264e+01 
6.083945354944180e+01 
-7.985559481368797e+01 
3.302501566922764e+00 
-7.835722880461280e+00 
2.669319921196912e+01 
-1.209324534421782e+01 
1.143346682903315e+01 
-1.017687129776138e+01 
2.501659676229531e+01 
-1.922896348795212e+01 
-5.271018397419890e+01 
1.141162247890903e+01 
-8.055385157158960e+01 
-1.962406970503420e+01 
5.147955423257282e+01 
2.633266503385890e+01 
9.554388990861074e+00 
4.217618846645601e+01 
3.502970343882415e+01 
2.870742637410749e+01 
-2.112138243005850e+01 
-5.834971294804833e+00 
-2.738824953911316e+01 
-5.043920514710997e+00 
-3.657518399036422e+01 
-5.412893809535222e+00 
-2.543857182305561e+01 
-2.706468259675354e+00 
-2.463652140244696e+01 
5.057010673726012e+01 
-2.586750967538522e+00 
3.898992706925907e+01 
-1.663397247941982e+01 
5.391589603417893e+01 
-5.571696139965850e+00 
8.225871265746588e+01 
6.796714299070560e+00 
-7.235747296341705e+01 
8.855328217000771e+00 
1.638454643428064e+00 
1.609138849977516e+01 
-6.273070753608763e+00 
-2.116920511652512e+01 
4.875119051725900e+00 
-1.765892795199176e+01 
-3.242262827545932e+01 
2.649764927390256e+00 
2.222846578733246e+01 
2.857913144137740e+01 
-8.535664136972636e+00 
2.493598880290625e+01 
-1.419655727839456e+01 
6.537722863006526e+00 
1.122358145047767e+01 
2.272478092237960e+00 
-5.853542977255780e+00 
7.009863765263545e+00 
6.742627837535108e+00 
-1.198279358368178e+01 
2.287828186824114e+01 
-1.183430206000720e+01 
-1.476130061581943e+00 
1.985013641264646e+01 
-2.976256870561369e+01 
2.115248987843444e+00 
9.019704614593422e+00 
-8.272075071702670e+00 
8.153398951161543e-02 
5.412338363085944e+01 
3.053823931388821e+00 
-1.834864516215357e+01 
3.006449293166821e+01 
7.137519932481081e+01 
2.763015484890241e+01 
2.704480044219003e+01 
-3.103551260388699e+01 
-1.698886272684682e+01 
7.575882532293993e+00 
6.101576416327880e+00 
-2.327389735570794e+01 
-2.325626678027805e+01 
-1.613154851010234e+00 
1.593097585446872e+01 
8.168801313979381e+00 
-8.042269731593231e+01 
3.778527924282754e+01 
-8.546932581251456e+00 
-1.186369175368697e+01 
-1.475799822872290e+01 
1.441993117104613e+01 
-4.723984170583939e+00 
-1.905473131588943e+01 
1.347033886845588e+01 
2.318395525069615e+01 
1.206615278991741e+01 
1.783360869423978e+01 
3.530244812544534e+01 
-5.457154316295672e+01 
-5.644001548413061e+01 
2.135942842503370e+01 
-8.040704364184931e+01 
-5.356931520365169e+01 
2.116270864499603e+00 
-3.513672234227771e+01 
2.065330808816709e+01 
5.777483904735812e+01 
1.205948621057954e+02 
4.314202951246768e+01 
1.876953282835762e+01 
-4.907616240969013e+01 
-5.581541333978576e+01 
1.057686659786191e+01 
2.848572757494420e+01 
5.720025146354816e+01 
-1.265876591078906e+01 
-3.629963595651964e+01 
-4.583048207600886e+01 
-5.187763125059050e+01 
-3.801745338094239e+01 
3.901555400017505e+01 
-2.612574674341258e+01 
-5.035291795038171e+01 
-3.859532252354857e+01 
-1.078515820914808e+01 
-3.745743712571395e+01 
-3.731605176324214e+01 
3.551189499419453e+01 
3.012137133330646e+01 
3.011293212434325e+01 
2.527666746163721e+01 
5.683457909882380e+01 
-9.809133619917297e+00 
-6.394970786663652e+00 
-6.639919760238072e+00 
4.527457561505250e+01 
5.761798698912276e+01 
6.389293554850484e+00 
-2.964686293706509e-01 
-1.714138822036541e+01 
-4.027948342506435e-01 
-3.779170279835457e+01 
-5.046890460174192e+01 
-4.687272480101982e+01 
-5.151687788058587e+00 
5.877395300975569e+01 
-6.595495641828113e+01 
-3.943749367525168e+01 
-5.264876262978385e+01 
3.407701703352729e+01 
-1.211584376438724e+02 
3.404472885398032e+01 
-1.667952293165648e+01 
-5.342923497046112e+01 
-7.036908636587772e+01 
-1.480559329727849e+01 
4.651183682302424e+01 
-3.028228327678938e+01 
-2.975291243177990e+01 
3.900002696040490e+01 
-7.535825767849128e+00 
2.536956254680872e+01 
-2.078023192896750e+01 
-4.862221529912779e+00 
8.439088508585687e+01 
-8.125615349773561e+00 
-1.710152300353020e+01 
-3.710592579229994e+01 
-1.989503051057596e+01 
-2.992289725841321e+01 
2.867240850362485e+01 
1.438563988007485e+01 
-4.488257459715038e+01 
2.842284791124877e+01 
-1.416390101232665e+01 
6.723581916984695e+01 
-3.721043953208463e+01 
-7.150949833922017e+01 
-7.486891208204682e+01 
-1.075159237040204e+02 
-4.612926877176858e+01 
-2.511155211457872e+01 
-1.246424040833100e+01 
-1.638224491080249e+00 
5.829391874629328e+00 
-1.351423097889422e+02 
7.216280251472877e+00 
6.838924317721747e+00 
-1.269063955877232e+01 
-1.269063955877232e+01 
-1.269063955877232e+01 
-1.269063955877232e+01 
-1.269063955877232e+01 
-1.269063955877232e+01 
-1.269063955877232e+01 
-1.269063955877232e+01 
-1.269063955877232e+01 
-1.269063955877232e+01 
-1.269063955877232e+01 
-1.269063955877232e+01 
-1.269063955877232e+01 
-1.269063955877232e+01 
-1.269063955877232e+01 
-1.269063955877232e+01 
-1.269063955877232e+01 
-1.269063955877232e+01 
-1.269063955877232e+01 
-1.269063955877232e+01 
-1.269063955877232e+01 
-1.269063955877232e+01 
-1.269063955877232e+01 
-1.269063955877232e+01 
-1.269063955877232e+01 
-1.269063955877232e+01 
-1.269063955877232e+01 
-1.269063955877232e+01 
-1.269063955877232e+01 
-1.269063955877232e+01 
-1.269063955877232e+01 
-1.269063955877232e+01 
-1.269063955877232e+01 
-1.269063955877232e+01 
-1.269063955877232e+01 
-1.269063955877232e+01 
-1.269063955877232e+01 
-1.269063955877232e+01 
-1.269063955877232e+01 
-1.269063955877232e+01 
-1.269063955877232e+01 
-1.269063955877232e+01 
-1.269063955877232e+01 
-1.269063955877232e+01 
-1.269063955877232e+01 
-1.269063955877232e+01 
-1.269063955877232e+01 
-1.269063955877232e+01 
-1.269063955877232e+01 
-1.269063955877232e+01 
-1.269063955877232e+01 
-1.269063955877232e+01 
-1.269063955877232e+01 
-1.269063955877232e+01 
-1.269063955877232e+01 
-1.269063955877232e+01 
-1.269063955877232e+01 
-1.269063955877232e+01 
-1.269063955877232e+01 
-1.269063955877232e+01 
-1.269063955877232e+01 
-1.269063955877232e+01 
-1.269063955877232e+01 
-1.269063955877232e+01 
-1.269063955877232e+01 
-1.269063955877232e+01 
-1.269063955877232e+01 
-1.269063955877232e+01 
-1.269063955877232e+01 
-1.269063955877232e+01 
-1.269063955877232e+01 
-1.269063955877232e+01 
-1.269063955877232e+01 
-1.269063955877232e+01 
-1.269063955877232e+01 
-1.269063955877232e+01 
-1.269063955877232e+01 
-1.269063955877232e+01 
-1.269063955877232e+01 
-1.269063955877232e+01 
-1.269063955877232e+01 
-1.269063955877232e+01 
-1.269063955877232e+01 
-1.269063955877232e+01 
-1.269063955877232e+01 
-1.269063955877232e+01 
-1.269063955877232e+01 
-1.269063955877232e+01 
-1.386646239548133e+01 
-3.461813390357203e+01 
-8.275105964083285e-02 
-7.683730053803942e-03 
-1.269063955877232e+01 
-1.269063955877232e+01 
-1.269063955877232e+01 
-1.269063955877232e+01 
-1.269063955877232e+01 
-1.269063955877232e+01 
-1.269063955877232e+01 
-1.269063955877232e+01 
-1.269063955877232e+01 
-1.269063955877232e+01 
-1.269063955877232e+01 
-1.269063955877232e+01 
-1.269063955877232e+01 
-1.269063955877232e+01 
-1.269063955877232e+01 
-1.269063955877232e+01 
-1.269063955877232e+01 
-1.269063955877232e+01 
-1.269063955877232e+01 
-1.269063955877232e+01 
-1.269063955877232e+01 
-1.269063955877232e+01 
-1.269063955877232e+01 
-1.269063955877232e+01 
-1.269063955877232e+01 
-1.269063955877232e+01 
-1.269063955877232e+01 
-1.269063955877232e+01 
-1.269063955877232e+01 
-1.269063955877232e+01 
-1.269063955877232e+01 
-1.269063955877232e+01 
-1.269063955877232e+01 
-1.269063955877232e+01 
-1.269063955877232e+01 
-1.269063955877232e+01 
-1.269063955877232e+01 
-1.269063955877232e+01 
-1.269063955877232e+01 
-1.269063955877232e+01 
-1.269063955877232e+01 
-1.269063955877232e+01 
-1.269063955877232e+01 
-1.269063955877232e+01 
-1.269063955877232e+01 
-1.269063955877232e+01 
-1.269063955877232e+01 
-1.269063955877232e+01 
-1.269063955877232e+01 
-1.269063955877232e+01 
-1.269063955877232e+01 
-1.269063955877232e+01 
-1.269063955877232e+01 
-1.269063955877232e+01 
-1.269063955877232e+01 
-1.269063955877232e+01 
-1.269063955877232e+01 
-1.269063955877232e+01 
-1.269063955877232e+01 
-1.269063955877232e+01 
-1.269063955877232e+01 
-1.269063955877232e+01 
-1.269063955877232e+01 
-1.269063955877232e+01 
-1.269063955877232e+01 
-1.269063955877232e+01 
-1.269063955877232e+01 
-1.269063955877232e+01 
-1.269063955877232e+01 
-1.269063955877232e+01 
-1.269063955877232e+01 
-1.269063955877232e+01 
-1.269063955877232e+01 
-1.269063955877232e+01 
-1.269063955877232e+01 
-1.269063955877232e+01 
-1.269063955877232e+01 
-1.269063955877232e+01 
-1.269063955877232e+01 
-1.269063955877232e+01 
-1.269063955877232e+01 
-1.269063955877232e+01 
-1.269063955877232e+01 
-1.269063955877232e+01 
-1.269063955877232e+01 
-1.269063955877232e+01 
-1.269063955877232e+01 
-1.269063955877232e+01 
-1.852314103731702e+02 
-2.251728706973757e+01 
-1.397237193925136e+00 
-9.041759448386458e+00 
1.382040690334052e+02 
-2.153089059015714e+00 
3.650760027043034e+01 
-4.703803152690659e+00 
1.460337999735629e+01 
-5.510340641875741e+01 
-2.120541430197911e+00 
-3.079775327152413e+00 
-1.174211036885502e+00 
-5.510340641875741e+01 
-2.752200012389562e+00 
3.381959740891326e+01 
3.004706887433336e+00 
-4.501799953467486e+00 
3.381959740891326e+01 
-4.255632031865114e+00 
2.243160288065476e+01 
-2.465925744753356e+00 
2.507778054326887e+02 
-1.576789261282146e+02 
8.226968988582267e-01 
-1.576789261282146e+02 
-6.676537402787109e+01 
-1.315368877303468e+00 
-1.051841724329747e+00 
-1.337684679253053e+01 
-6.099677925525753e+00 
-1.337684679253053e+01 
1.939233656274154e+00 
-9.694818466340760e-01 
1.567826659828091e+01 
-2.296734127805399e+00 
1.567826659828091e+01 
9.462355961571274e+01 
-3.055798280171084e+00 
-6.676537402787109e+01 
-2.367636865315321e+00 
-4.637188849566628e+00 
-4.637188849566629e+00 
-3.192960763453760e+00 
-4.831631088846011e+00 
-2.015916392285498e+00 
-2.015916392285498e+00 
2.845845795686765e-01 
-4.469958358873104e+00 
1.951204351862732e+00 
1.951204351862732e+00 
-2.383702551591699e-01 
-7.894409738099498e-01 
4.112956516755797e-03 
6.316942267483258e-03 
1.893283808185878e-03 
-3.024691650807690e-03 
-2.739972968105484e-03 
1.255078974469517e-03 
1.669818717316610e-02 
1.405216464503482e-02 
-6.112837205568235e-03 
-7.121204286807384e-03 
-3.271956943674876e-03 
2.306362256845368e-03 
6.493862954187698e-03 
3.261092250390180e-04 
-6.348503553040811e-03 
-1.318663757556303e+02 
-1.246350326720800e+02 
-1.403346329189835e+02 
-4.605022051367808e+01 
-6.439526239511904e-03 
-2.819183189805429e-03 
0.000000000000000e+00 
7.457997411032458e-03 
-2.134685446185365e-03 
-6.254025875886290e-03 
-4.278462141221383e-03 
-6.333760008539000e-03 
-1.091982110531778e-03 
-2.909316718915344e-03 
-3.630777757862756e-03 
-5.770361629174419e-03 
0.000000000000000e+00 
2.208227992548633e-02 
1.494093172655831e-03 
-4.080895895292422e-03 
2.784971254585997e-03 
-1.033058176416120e-03 
0.000000000000000e+00 
1.518143856729716e-03 
-1.487125917814616e-03 
-1.674457010300866e-03 
-6.295293505847028e-03 
-6.425721075682296e-03 
-4.564149818440183e-03 
-4.788229925005570e-03 
1.427457398496110e-03 
1.241519248794049e-03 
-6.085905683263737e-03 
-6.692780802805666e-03 
8.898638745789328e-05 
-3.297267688565178e-03 
0.000000000000000e+00 
9.517080143799569e-04 
-8.656605798605412e-03 
-1.210490741698431e-02 
0.000000000000000e+00 
-6.371404230796180e-03 
-1.170584688212444e-03 
-6.220846940553257e-04 
0.000000000000000e+00 
4.201876981515952e-03 
-4.727348260567371e-03 
-6.982654484767885e-03 
-3.043914874384274e-03 
-4.312365072185317e-03 
-2.579734448323212e-03 
-4.468256050066511e-03 
-3.759331176463025e-03 
-5.826658562345814e-03 
0.000000000000000e+00 
9.685736970583496e-03 
1.731962953403968e-03 
1.335978138911459e-03 
3.059624187510081e-03 
-4.463544169433461e-04 
0.000000000000000e+00 
-3.141475985804002e-03 
-2.397116022773378e-03 
-4.537558605696345e-03 
-5.993140715610656e-03 
-7.965400284320565e-03 
1.554971819096480e-03 
-3.557415978066927e-04 
-4.126024962013285e-03 
-6.585136538187951e-03 
-1.005721435803686e-03 
-4.558711039606447e-03 
2.158853910452880e-05 
3.322487209969759e-03 
0.000000000000000e+00 
-9.121419814433174e-03 
-1.243251483358774e-03 
-3.851190561459241e-03 
0.000000000000000e+00 
-1.775152538731956e-03 
-3.826989220292599e-03 
1.002353279322817e-04 
0.000000000000000e+00 
3.411538456137339e-03 
-1.758399515429895e-03 
-1.240721047750434e-03 
-2.415529780762583e-03 
-6.103771454177794e-03 
-3.597052977114195e-03 
-3.032898054799033e-03 
-3.360769041467003e-03 
-2.804492689743775e-03 
0.000000000000000e+00 
5.130957269166176e-03 
-3.296671763373703e-03 
3.770753799287316e-03 
-4.071291656062033e-03 
-5.566893935524183e-03 
0.000000000000000e+00 
4.537251683441486e-03 
-1.084862141724147e-03 
-3.201158736291284e-03 
-5.486328463072197e-03 
-7.903790067201885e-03 
6.390728673761779e-03 
3.836118334691209e-03 
-1.538247761337282e-03 
-3.701552051418227e-03 
1.532742075172563e-03 
3.509207667570724e-03 
-3.014822091971283e-04 
2.309428861815628e-03 
0.000000000000000e+00 
3.025769575904736e-03 
-1.251831834898486e-03 
-6.871441902065570e-03 
0.000000000000000e+00 
-6.233923317385507e-03 
0.000000000000000e+00 
2.736168797916049e-04 
0.000000000000000e+00 
-1.066942294855214e+02 
0.000000000000000e+00 
-3.199981711787314e-02 
0.000000000000000e+00 
-6.614835524855893e+01 
2.218956332077007e-02 
5.886421550565808e-03 
1.970321003386157e-04 
0.000000000000000e+00 
-1.321177612308517e-03 
-5.777239528773865e-03 
-1.405585869545595e+01 
-5.942229456120413e-03 
-4.220957739222477e-05 
0.000000000000000e+00 
-1.049419404007866e+02 
-2.881520638430166e-03 
-4.674363005633860e-05 
7.936118166755876e-04 
-1.020401598634051e-04 
3.180874969487507e-04 
8.195135486849230e-03 
2.012943347442082e-04 
-2.853210452154804e-05 
-5.352903840606917e-05 
1.777246779412998e-05 
2.984097834119569e-03 
-5.139696409646989e-05 
0.000000000000000e+00 
6.076807814859833e-03 
2.438403822009882e-03 
-5.970078926815349e-05 
0.000000000000000e+00 
-2.549428575902077e-05 
-4.600094610142602e-05 
5.805206258320146e-04 
8.754321557581741e-05 
-2.283758397390021e-05 
-1.323412216598123e-04 
4.203828191175409e-05 
-6.932962569156120e-05 
-1.048778491504588e-04 
0.000000000000000e+00 
-6.692116134125517e-05 
-1.474990440273860e-03 
4.879934569069312e-04 
-9.232593967878249e-05 
-9.765792471758974e-05 
6.502381846168421e-05 
-6.796812866834870e-04 
-8.469209865301435e-05 
-2.115625637368656e-05 
-4.986040015355929e-05 
2.083332111729953e-03 
6.047799711068309e-06 
-9.698628614343548e-05 
0.000000000000000e+00 
-6.636823129523120e-05 
-1.546631660083163e-03 
0.000000000000000e+00 
0.000000000000000e+00 
0.000000000000000e+00 
0.000000000000000e+00 
0.000000000000000e+00 
0.000000000000000e+00 
0.000000000000000e+00 
0.000000000000000e+00 
0.000000000000000e+00 
0.000000000000000e+00 
0.000000000000000e+00 
0.000000000000000e+00 
0.000000000000000e+00 
0.000000000000000e+00 
0.000000000000000e+00 
0.000000000000000e+00 
0.000000000000000e+00 
0.000000000000000e+00 
0.000000000000000e+00 
0.000000000000000e+00 
0.000000000000000e+00 
0.000000000000000e+00 
0.000000000000000e+00 
0.000000000000000e+00 
0.000000000000000e+00 
0.000000000000000e+00 
0.000000000000000e+00 
0.000000000000000e+00 
0.000000000000000e+00 
0.000000000000000e+00 
0.000000000000000e+00 
0.000000000000000e+00 
0.000000000000000e+00 
0.000000000000000e+00 
0.000000000000000e+00 
0.000000000000000e+00 
0.000000000000000e+00 
0.000000000000000e+00 
0.000000000000000e+00 
0.000000000000000e+00 
0.000000000000000e+00 
-1.546631660083163e-03 
0.000000000000000e+00 
0.000000000000000e+00 
0.000000000000000e+00 
0.000000000000000e+00 
0.000000000000000e+00 
0.000000000000000e+00 
0.000000000000000e+00 
0.000000000000000e+00 
0.000000000000000e+00 
0.000000000000000e+00 
0.000000000000000e+00 
0.000000000000000e+00 
0.000000000000000e+00 
0.000000000000000e+00 
0.000000000000000e+00 
0.000000000000000e+00 
0.000000000000000e+00 
0.000000000000000e+00 
0.000000000000000e+00 
0.000000000000000e+00 
0.000000000000000e+00 
0.000000000000000e+00 
0.000000000000000e+00 
0.000000000000000e+00 
0.000000000000000e+00 
0.000000000000000e+00 
0.000000000000000e+00 
0.000000000000000e+00 
0.000000000000000e+00 
0.000000000000000e+00 
0.000000000000000e+00 
0.000000000000000e+00 
0.000000000000000e+00 
0.000000000000000e+00 
0.000000000000000e+00 
0.000000000000000e+00 
0.000000000000000e+00 
0.000000000000000e+00 
0.000000000000000e+00 
0.000000000000000e+00 
0.000000000000000e+00 
-2.931747115077890e-03 
-4.751098665741209e-05 
8.068194257573164e-04 
-1.037183879277495e-04 
3.233193141755881e-04 
8.385581735262477e-03 
2.046127230302922e-04 
-2.900174898048418e-05 
-5.440771351615989e-05 
1.806839749612832e-05 
3.036398795364335e-03 
-5.224098514491318e-05 
0.000000000000000e+00 
6.201006797358406e-03 
2.480349996535910e-03 
-6.067992317470329e-05 
0.000000000000000e+00 
-2.591138466838634e-05 
-4.675720252977251e-05 
5.901706881146487e-04 
8.897742893738694e-05 
-2.321261742411754e-05 
-1.345179155472315e-04 
4.272700916429249e-05 
-7.046506834121658e-05 
-1.065983921038378e-04 
0.000000000000000e+00 
-6.801084877841400e-05 
-1.499793836497978e-03 
4.960491949260767e-04 
-9.384285466353143e-05 
-9.925965633459428e-05 
6.609550757312076e-05 
-6.909395788344599e-04 
-8.608802239574057e-05 
-2.150020315756512e-05 
-5.067923501482563e-05 
2.118732842915617e-03 
6.151596356342930e-06 
-9.858074618323728e-05 
0.000000000000000e+00 
-6.745546328978349e-05 
-7.473825323597500e-05 
0.000000000000000e+00 
0.000000000000000e+00 
0.000000000000000e+00 
0.000000000000000e+00 
0.000000000000000e+00 
0.000000000000000e+00 
0.000000000000000e+00 
0.000000000000000e+00 
0.000000000000000e+00 
0.000000000000000e+00 
0.000000000000000e+00 
0.000000000000000e+00 
0.000000000000000e+00 
0.000000000000000e+00 
0.000000000000000e+00 
0.000000000000000e+00 
0.000000000000000e+00 
0.000000000000000e+00 
0.000000000000000e+00 
0.000000000000000e+00 
0.000000000000000e+00 
0.000000000000000e+00 
0.000000000000000e+00 
0.000000000000000e+00 
0.000000000000000e+00 
0.000000000000000e+00 
0.000000000000000e+00 
0.000000000000000e+00 
0.000000000000000e+00 
0.000000000000000e+00 
0.000000000000000e+00 
0.000000000000000e+00 
0.000000000000000e+00 
0.000000000000000e+00 
0.000000000000000e+00 
0.000000000000000e+00 
0.000000000000000e+00 
0.000000000000000e+00 
0.000000000000000e+00 
0.000000000000000e+00 
0.000000000000000e+00 
0.000000000000000e+00 
0.000000000000000e+00 
0.000000000000000e+00 
0.000000000000000e+00 
0.000000000000000e+00 
0.000000000000000e+00 
-7.473825323597500e-05 
0.000000000000000e+00 
0.000000000000000e+00 
0.000000000000000e+00 
0.000000000000000e+00 
0.000000000000000e+00 
0.000000000000000e+00 
0.000000000000000e+00 
0.000000000000000e+00 
0.000000000000000e+00 
0.000000000000000e+00 
0.000000000000000e+00 
0.000000000000000e+00 
0.000000000000000e+00 
0.000000000000000e+00 
0.000000000000000e+00 
0.000000000000000e+00 
0.000000000000000e+00 
0.000000000000000e+00 
0.000000000000000e+00 
0.000000000000000e+00 
0.000000000000000e+00 
0.000000000000000e+00 
0.000000000000000e+00 
0.000000000000000e+00 
0.000000000000000e+00 
0.000000000000000e+00 
0.000000000000000e+00 
0.000000000000000e+00 
0.000000000000000e+00 
0.000000000000000e+00 
0.000000000000000e+00 
0.000000000000000e+00 
0.000000000000000e+00 
0.000000000000000e+00 
0.000000000000000e+00 
0.000000000000000e+00 
0.000000000000000e+00 
0.000000000000000e+00 
0.000000000000000e+00 
0.000000000000000e+00 
0.000000000000000e+00 
0.000000000000000e+00 
0.000000000000000e+00 
0.000000000000000e+00 
0.000000000000000e+00 
0.000000000000000e+00 
0.000000000000000e+00 
1.013242371709607e+01 
5.166535724637395e+00 
4.469841603846746e+01 
-7.243425889354729e+01 
-3.831882328523610e+00 
-1.214710053364783e+00 
5.348306546362494e-03 
4.439889158154241e+01 
-9.804189975418937e-01 
-4.199141899433823e+00 
-3.886841543182163e+01 
3.212785471104600e-02 
3.937775484694468e+00 
4.157344206760879e+00 
2.227725686015922e+01 
-5.885100389463152e-02 
8.109149314741224e+00 
4.625323864514619e-01 
-2.163902517245213e+00 
-1.158626138376076e+00 
5.296985643475021e+01 
1.454845076170753e+01 
-3.901237465060245e+00 
1.494164542468043e+02 
-8.311041853750376e+01 
7.017968933742503e+01 
4.084762182126612e+00 
-3.630573595506937e+01 
-5.772755065723371e+01 
5.155345651875926e+01 
-5.772755065723416e+01 
5.155345651875738e+01 
-5.769456595969213e+01 
1.797059269545508e+01 
1.311860191324258e+01 
-6.847694458518441e+01 
7.342194227055828e+00 
-2.620583032324059e+01 
-1.589898626274814e+01 
-2.327811211171650e+00 
2.610092093273648e+01 
9.038601567558941e+01 
4.934290131770990e+01 
-3.747319563549819e+00 
-1.379158021784193e+02 
-1.888662580087289e+02 
7.440930560115183e+01 
1.497764178120445e+02 
9.261720928767446e+01 
-2.405291658219292e+01 
1.276013560309848e+02 
-6.285216371618880e+01 
7.516191680767923e+01 
-3.034760784841914e+01 
-1.602322177755569e+01 
-7.231000882882866e+01 
-4.360566686452998e+01 
-8.417524063597061e+01 
1.913190770185629e+01 
1.904548182455802e-01 
2.194869025281795e+01 
8.263473699893463e+01 
2.195109918590726e+01 
7.592141708477222e+00 
1.156080366896521e+02 
1.913241465377495e+01 
1.782211098739519e+01 
-3.733375311788032e+01 
1.643732840985732e+02 
6.314438220394966e+01 
-1.024914126436757e+01 
-1.794778426235437e+01 
1.844051155386108e+02 
-4.277494358833327e+01 
-1.762413190762833e+01 
-7.740993704749283e+01 
-1.489139556849698e+02 
1.968772769941280e+01 
-1.489139556849698e+02 
1.968772769941280e+01 
7.597104452845609e+01 
3.259825491105537e+01 
-1.094390898699254e+01 
2.004827981378744e+01 
-1.514959323998541e+02 
1.054242261334846e+02 
-1.095091681754588e+01 
9.892953954877621e+01 
-4.296607958388925e+01 
-7.696537999057426e+01 
-6.627965874497485e+01 
-7.697040558710650e+01 
-1.467743667029227e-01 
-3.770322622642036e+01 
1.015581229957633e+02 
5.680790730664418e+01 
9.859395665574934e+01 
9.945487362964278e+01 
9.946035428000606e+01 
4.627047594997478e+01 
1.073362534667798e+02 
1.684982287580401e+01 
5.892931808024141e+01 
-2.444660262215398e+02 
-8.483487391772925e+01 
5.016068312875428e+00 
-7.241524665012037e+01 
-1.196717957485182e+02 
-1.196692426174698e+02 
-1.397392174547974e+02 
6.727301960017535e+01 
8.839154518693292e+01 
6.424160976791939e+01 
-7.762547331201644e+00 
-3.700080774819238e+01 
1.386285955882368e+02 
3.276481299392930e+00 
-1.625261020598243e+01 
-1.957206258090016e+01 
1.863444291731939e+02 
-4.505843336452223e+01 
1.994416192630463e+01 
1.296628283886443e+01 
3.411976375554067e+01 
1.062476260205007e+01 
-7.047876549043345e+01 
6.508166643673869e+01 
-1.522935766158102e+01 
-8.458678503500144e+00 
2.771363761651172e+00 
-1.639520581957189e+02 
-1.894408018880365e+01 
3.950388853800138e+01 
-1.376864336040815e+01 
6.983054116880605e+01 
6.982992879259412e+01 
2.819999143523957e+01 
1.640449871906297e+02 
-7.698251285922109e+01 
1.200658466384068e+02 
-8.910359612989634e+00 
-5.814383501425446e+01 
4.046770401954507e+01 
3.882102306421660e+01 
2.006478793311165e+01 
-4.435813769122661e+01 
-1.569065959378244e+01 
-9.591955482125067e+01 
6.583772282047967e+01 
-2.855840719819209e+01 
-1.671015179340305e+02 
-2.611450479974968e+01 
9.403115096403699e+00 
9.408595690336689e+00 
-3.944766457664845e+01 
-3.503289595264391e+01 
3.932525824170741e-01 
1.200650025237045e+02 
-1.347279598160268e+01 
-3.699851940389793e+01 
1.472644210867489e+01 
7.967047288426546e+01 
-4.232175557620668e+01 
1.535742300509023e+01 
-2.810912012885089e+01 
3.980289943313476e+00 
3.977950081613495e+00 
-6.062580739377628e+00 
3.977950081613495e+00 
-6.062580739377628e+00 
3.977950081613495e+00 
-6.062580739377628e+00 
3.978235584679541e+00 
7.023540900435239e+01 
1.135725876067337e+01 
-3.066285329209555e+01 
3.850427528808216e+01 
-4.716678028321592e+01 
-4.117936628282083e+01 
2.029859799107631e+01 
2.029625030553695e+01 
-3.875376883179396e+01 
5.713009651262194e+00 
-2.753571535762586e+00 
9.147259487844605e+01 
1.405865075308929e+01 
1.940204382581950e+01 
1.310491638264971e+01 
8.697156617514620e+00 
-1.280108353861793e+01 
-5.272421241043792e+01 
8.169280775054254e+01 
-2.830633869419035e+01 
-2.629721680627298e+01 
1.960854442854553e+01 
1.354621285172690e+01 
1.553345402944992e+01 
-1.563694808835028e+01 
4.414809974304228e-03 
-2.006140808728820e-01 
3.535360209217206e-03 
3.909852753999338e+01 
5.638167926686756e+01 
1.529802361490275e+01 
7.023310711370091e+01 
-1.274802219147979e+01 
2.902176528467970e+01 
8.261525086605960e-02 
9.730003716865394e+00 
6.128748171810736e+01 
6.419393688206621e+00 
3.909904975107136e+01 
-2.189571761887392e+01 
-1.341116762913195e+01 
-1.341351173923355e+01 
-6.764988441146671e+00 
-1.341351173923355e+01 
-6.764988441146671e+00 
-1.341351173923355e+01 
-6.764988441146671e+00 
-3.253831557564173e+01 
3.246762455714818e+01 
2.678985374423275e+00 
9.107782527600588e+01 
-6.081239943781342e+01 
5.693809372149146e+01 
2.679768095618237e+00 
3.136964842274435e+01 
-3.864467464079667e+01 
-3.864701734731966e+01 
2.865168499085651e+01 
-3.864373176066049e+01 
-2.696375982102608e+01 
-4.533813211472569e+01 
5.577813703240047e+01 
4.197614781675176e+01 
2.488414790810181e+01 
2.855973225458966e+01 
2.855738671496356e+01 
-6.831615957129010e+01 
3.041332710502001e+01 
-2.882294714146548e+01 
3.115386949552530e+01 
-4.665832989223017e+00 
1.481577589687175e+01 
1.438678874191128e+01 
1.438142651597932e+01 
1.466761059861688e+01 
-3.579871726203005e+01 
1.387920934129445e+01 
2.057065711483553e+01 
-2.058009221814057e+01 
-9.058262730606209e+00 
-1.923492687847153e+01 
-6.086360133281276e+01 
-1.079396671955038e+01 
-4.818496272746403e+00 
4.634364010754594e+01 
3.516779833668363e+00 
6.802615662634796e+01 
7.026139779216349e+01 
8.219247742652304e+01 
-1.418545589612043e+00 
-8.168074767789332e+01 
4.317041440672950e+01 
-2.401212143299508e+01 
1.849132580352332e+01 
3.054180366122651e+01 
-4.400931750782481e+01 
1.092444356886815e+01 
1.335349953946312e+01 
-6.977854454235929e+00 
9.189158859895821e+00 
9.190594046270608e+00 
5.977436283637375e+01 
3.829655293311386e+01 
-3.864051129592144e+01 
2.664432843180542e+01 
-4.190199696491666e+01 
1.540912432622599e+01 
4.244142268979360e+01 
-1.298066203145744e+01 
2.430924034435970e+01 
-1.359146387314153e+01 
4.844390641550270e+00 
1.574013949809575e+01 
-1.927204162142749e+01 
4.356127481699679e+01 
-4.562701093847795e+01 
-7.760275552807603e+01 
-1.663298891797804e+01 
-1.663533193290179e+01 
-6.967013503307588e+01 
2.664720808329887e+01 
-2.652481118659068e+01 
-6.696652469247196e-01 
4.403092038044384e+01 
1.200164167280326e+02 
-2.940040242442240e+01 
3.347038394788117e+01 
-7.455786344658694e+01 
-2.198624273378495e+01 
-2.198112239061548e+01 
5.618070365218341e+01 
-2.198112239061548e+01 
5.618070365218341e+01 
-2.198112239061548e+01 
5.618070365218341e+01 
-2.197460034682276e+01 
3.939526384586681e+00 
1.802554835035965e+01 
-3.758506677654165e+01 
-1.682861717617356e+01 
-3.268950310016475e+01 
3.888004906094464e+01 
-2.562143026749391e+01 
-2.561630993815146e+01 
-2.885899623014352e+01 
-7.800619294468324e+01 
6.700387441782623e+00 
4.673099745877798e+01 
8.782020749114293e+00 
4.619498333937092e+01 
9.442816075527638e+01 
1.733515699171988e+01 
-3.072852736753578e+01 
-6.657488305051788e+01 
6.664016191681534e+00 
-8.597344927044304e+00 
2.059685455159912e+01 
1.959547528550621e+00 
-9.881107451926931e+01 
-3.479429284627974e+01 
-1.102791104139236e+01 
1.742582780086325e+01 
4.048110610843023e+01 
1.742158548045000e+01 
6.235749787494839e+01 
6.113014642916353e+01 
1.022371280730358e+01 
3.935132426767662e+00 
8.702229155213022e+00 
7.107339328805342e+01 
-3.301505837008172e+01 
3.716824247367904e+01 
-1.045733631520100e+01 
-4.262618084217755e+01 
3.390187570506922e+01 
-1.796533967548094e+01 
-2.370416446526916e+01 
-2.369904410740855e+01 
-9.227563390238116e-01 
-2.369904410740855e+01 
-9.227563390238116e-01 
-2.369904410740855e+01 
-9.227563390238116e-01 
-3.219724222999961e+01 
3.948234427495571e+00 
2.040953843384577e+01 
1.258630347427503e+01 
-6.705514259599676e+01 
5.973110322458192e+01 
2.041145806087415e+01 
4.664174982428937e+01 
-1.314608101522385e+01 
-1.314096068431809e+01 
-2.191671107541486e+01 
-1.313949572838454e+01 
-2.589053852595415e+01 
4.187967571923014e+01 
-3.976049735762180e-01 
1.487435279762753e+01 
-1.801612322234466e+01 
6.774394484552973e+01 
6.774906516281457e+01 
-3.750027264390455e+01 
4.080216042683761e+01 
-3.357268667821845e+01 
-1.396185599599966e+01 
-5.289095186133128e+00 
-1.641937807729631e+01 
-2.840428316681936e+01 
-2.839705126422631e+01 
4.922870745830587e+00 
-2.339474441026935e+01 
-2.508097713648730e+01 
1.223612567001405e+01 
-1.340814953526976e+01 
1.072859750315828e+02 
5.450679935867014e+01 
-3.455578822455118e+01 
5.365962923429732e+01 
-6.095350651070689e+00 
4.210916848851188e+01 
-5.277479034901104e+01 
5.373834963760300e+01 
7.067280100061187e+01 
3.724586487442686e+01 
-3.037658895198660e+01 
-6.981247537883625e+01 
-3.473644208108026e+00 
2.008473986420969e+01 
-2.508178543949338e+01 
-3.721860776188984e+01 
-3.382620337060902e+01 
-6.031688629532905e+01 
1.223334821077007e+01 
3.436049840697601e+01 
5.546991876112934e+01 
5.547251532857712e+01 
9.481425047046359e+01 
9.083569539578312e+01 
-1.313563644290723e+01 
6.535424495859760e+01 
-5.363202644407886e+01 
-7.882410546519002e+00 
1.465554295411008e+01 
2.165768759305967e+01 
1.434011452848788e+01 
-4.259267430843162e+00 
-1.523813078105066e+01 
-2.575428076469379e+01 
-1.895861901742327e+00 
3.537763133856485e+01 
-9.274367787491416e+01 
-2.324864082738831e+01 
-1.145761766116590e+01 
-1.145249732742003e+01 
-4.919773222724618e+00 
6.535895420174711e+01 
-1.962688650422407e+01 
2.609815924975483e+01 
9.912833328721284e+01 
-3.322915777089633e+00 
4.167801092602580e+01 
-2.859520606138734e+01 
-7.042961357100418e+01 
3.446957737802612e+01 
-8.703848505953930e+01 
8.122320390369542e+01 
5.666496193917136e+01 
-1.254613283153852e+02 
1.303828021547625e+02 
-5.592323359982004e+01 
2.310827969504525e+01 
6.787515989007203e+01 
6.115004494411370e+01 
-1.481115941010992e+01 
2.978619976760973e+01 
-5.761406837458533e+00 
-7.011488200001379e+00 
3.778900204778834e+01 
4.686128653028622e+01 
-3.928980836721912e+01 
3.891373303471969e+01 
-4.414207947798052e+01 
2.664925615714459e+01 
-3.616079650787589e+01 
1.359054096173141e+00 
-1.937196295815928e+01 
1.476183476868507e+01 
-5.311693620116660e+01 
-1.388937120430246e+01 
-2.610489676980278e+00 
-1.521238196271046e+01 
-1.116116787402237e+01 
4.685382301579263e+01 
-4.997750980070465e+01 
5.300508715805735e+01 
-7.624775552606987e+01 
5.203931087082421e+00 
-3.604901809396414e+01 
4.212809984190620e-01 
-1.668428094559037e+00 
6.361784165125166e+01 
-5.438398019351488e+01 
5.823153239205555e+01 
-5.946928084293156e+00 
2.163035884435724e+01 
3.875645710531259e+01 
-2.515993943818342e+01 
-3.721079703862429e+01 
5.872846904047003e+01 
-1.111753299101333e+02 
6.535289103513617e+01 
-4.774483144418414e+01 
-1.414919927128556e+01 
-1.746274191900649e+01 
5.110876257991230e+01 
-1.145656495109376e+01 
2.948448432834497e+01 
-1.952105687474319e+01 
6.476141536954935e+00 
4.275875627155344e+01 
-2.516246177003718e+01 
1.883849040881997e+00 
5.650665102706738e+01 
-8.461794403263684e+01 
9.481998077919707e+01 
-1.806459431886548e+01 
4.580403002616848e+01 
2.667256309445441e+01 
1.992556477742694e+01 
-2.961773674044732e+01 
-2.957881713479906e+01 
4.840748146697562e+01 
6.301536309402652e+01 
1.151660008554269e+02 
-8.704651653561514e+01 
6.506185887677326e+01 
1.393498623116751e+01 
1.909792194106550e+01 
2.925401250083326e+01 
7.241853520288112e+01 
-9.921644774307930e+00 
-1.386832885377955e+01 
-1.269063955877232e+01 
-1.269063955877232e+01 
-1.269063955877232e+01 
-1.269063955877232e+01 
-1.269063955877232e+01 
-1.269063955877232e+01 
-1.269063955877232e+01 
-1.269063955877232e+01 
-1.269063955877232e+01 
-1.269063955877232e+01 
-1.269063955877232e+01 
-1.269063955877232e+01 
-1.269063955877232e+01 
-1.269063955877232e+01 
-1.269063955877232e+01 
-1.269063955877232e+01 
-1.269063955877232e+01 
-1.269063955877232e+01 
-1.269063955877232e+01 
-1.269063955877232e+01 
-1.269063955877232e+01 
-1.269063955877232e+01 
-1.269063955877232e+01 
-1.269063955877232e+01 
-1.269063955877232e+01 
-1.269063955877232e+01 
-1.269063955877232e+01 
-1.269063955877232e+01 
-1.269063955877232e+01 
-1.269063955877232e+01 
-1.269063955877232e+01 
-1.269063955877232e+01 
-1.269063955877232e+01 
-1.269063955877232e+01 
-1.269063955877232e+01 
-1.269063955877232e+01 
-1.269063955877232e+01 
-1.269063955877232e+01 
-1.269063955877232e+01 
-1.269063955877232e+01 
-1.269063955877232e+01 
-1.269063955877232e+01 
-1.269063955877232e+01 
-1.269063955877232e+01 
-1.269063955877232e+01 
-1.269063955877232e+01 
-1.269063955877232e+01 
-1.269063955877232e+01 
-1.269063955877232e+01 
-1.269063955877232e+01 
-1.269063955877232e+01 
-1.269063955877232e+01 
-1.269063955877232e+01 
-1.269063955877232e+01 
-1.269063955877232e+01 
-1.269063955877232e+01 
-1.269063955877232e+01 
-1.269063955877232e+01 
-1.269063955877232e+01 
-1.269063955877232e+01 
-1.269063955877232e+01 
-1.269063955877232e+01 
-1.269063955877232e+01 
-1.269063955877232e+01 
-1.269063955877232e+01 
-1.269063955877232e+01 
-1.269063955877232e+01 
-1.269063955877232e+01 
-1.269063955877232e+01 
-1.269063955877232e+01 
-1.269063955877232e+01 
-1.269063955877232e+01 
-1.269063955877232e+01 
-1.269063955877232e+01 
-1.269063955877232e+01 
-1.269063955877232e+01 
-1.269063955877232e+01 
-1.269063955877232e+01 
-1.269063955877232e+01 
-1.269063955877232e+01 
-1.269063955877232e+01 
-1.269063955877232e+01 
-1.269063955877232e+01 
-1.269063955877232e+01 
-1.269063955877232e+01 
-1.269063955877232e+01 
-1.269063955877232e+01 
-1.269063955877232e+01 
-9.751620598026335e+00 
-5.250247683215424e+00 
5.131442779232729e+01 
2.762619965336193e+01 
-1.269063955877232e+01 
-1.269063955877232e+01 
-1.269063955877232e+01 
-1.269063955877232e+01 
-1.269063955877232e+01 
-1.269063955877232e+01 
-1.269063955877232e+01 
-1.269063955877232e+01 
-1.269063955877232e+01 
-1.269063955877232e+01 
-1.269063955877232e+01 
-1.269063955877232e+01 
-1.269063955877232e+01 
-1.269063955877232e+01 
-1.269063955877232e+01 
-1.269063955877232e+01 
-1.269063955877232e+01 
-1.269063955877232e+01 
-1.269063955877232e+01 
-1.269063955877232e+01 
-1.269063955877232e+01 
-1.269063955877232e+01 
-1.269063955877232e+01 
-1.269063955877232e+01 
-1.269063955877232e+01 
-1.269063955877232e+01 
-1.269063955877232e+01 
-1.269063955877232e+01 
-1.269063955877232e+01 
-1.269063955877232e+01 
-1.269063955877232e+01 
-1.269063955877232e+01 
-1.269063955877232e+01 
-1.269063955877232e+01 
-1.269063955877232e+01 
-1.269063955877232e+01 
-1.269063955877232e+01 
-1.269063955877232e+01 
-1.269063955877232e+01 
-1.269063955877232e+01 
-1.269063955877232e+01 
-1.269063955877232e+01 
-1.269063955877232e+01 
-1.269063955877232e+01 
-1.269063955877232e+01 
-1.269063955877232e+01 
-1.269063955877232e+01 
-1.269063955877232e+01 
-1.269063955877232e+01 
-1.269063955877232e+01 
-1.269063955877232e+01 
-1.269063955877232e+01 
-1.269063955877232e+01 
-1.269063955877232e+01 
-1.269063955877232e+01 
-1.269063955877232e+01 
-1.269063955877232e+01 
-1.269063955877232e+01 
-1.269063955877232e+01 
-1.269063955877232e+01 
-1.269063955877232e+01 
-1.269063955877232e+01 
-1.269063955877232e+01 
-1.269063955877232e+01 
-1.269063955877232e+01 
-1.269063955877232e+01 
-1.269063955877232e+01 
-1.269063955877232e+01 
-1.269063955877232e+01 
-1.269063955877232e+01 
-1.269063955877232e+01 
-1.269063955877232e+01 
-1.269063955877232e+01 
-1.269063955877232e+01 
-1.269063955877232e+01 
-1.269063955877232e+01 
-1.269063955877232e+01 
-1.269063955877232e+01 
-1.269063955877232e+01 
-1.269063955877232e+01 
-1.269063955877232e+01 
-1.269063955877232e+01 
-1.269063955877232e+01 
-1.269063955877232e+01 
-1.269063955877232e+01 
-1.269063955877232e+01 
-1.269063955877232e+01 
-1.269063955877232e+01 
-7.441188120319187e+01 
-8.700654785764314e-01 
-2.009056541374291e+00 
-2.742456021903929e+01 
-1.727368520035700e+01 
-3.840655450063862e+01 
-1.798226520313483e+00 
7.380023986107160e+01 
-2.684264943822077e+01 
-2.219935391443900e+01 
-5.371497805465405e+01 
-1.218333906395702e-01 
-7.022037480593389e+01 
-2.219935391443899e+01 
1.841960665143995e+00 
-1.968710379077309e+00 
-3.147984023775562e+00 
-2.725546736546747e+00 
-1.968710379077309e+00 
1.778486211533153e+01 
-1.093006970339383e+00 
2.015849574110731e+01 
1.687566929707225e+00 
3.621725649335799e+01 
2.942729775229469e+01 
3.621725649335799e+01 
6.075065099455489e-01 
3.632382144329080e+01 
-7.212724729119152e-01 
2.099742847883462e+00 
-1.939741010959094e+00 
2.099742847883462e+00 
6.514911713821160e-01 
-2.324361065980089e+01 
-2.078491719032572e+00 
-1.689622611028164e+00 
-2.078491719032572e+00 
2.342814774725261e+01 
-9.223065233143617e-01 
6.075065099455489e-01 
-4.269620411347002e-01 
1.916372974140958e+00 
1.916372974140958e+00 
1.060034440104717e+00 
1.231497038020449e+01 
1.943425958079323e+01 
1.943425958079323e+01 
2.324713318192573e+01 
-1.363018165661490e+01 
-1.113827680287738e+01 
-1.113827680287738e+01 
-7.969986075034427e-05 
-1.696460991326672e-04 
6.783770140767910e-03 
1.117914290745451e-02 
1.402542778981287e-03 
8.108253643156303e-04 
1.041211523009789e-03 
4.937023513918619e-04 
1.913834012440446e-03 
2.439152723342209e-03 
8.489029051412438e-05 
-1.359710517350901e-03 
-7.872545931616380e-04 
-6.309428875443940e-04 
1.941118171579785e-03 
1.779566226216891e-03 
-3.343986661195290e-04 
-5.098631681959638e-03 
7.723304475892317e-03 
3.004748722443181e-03 
5.480610996935950e-03 
3.952023244924591e-04 
-9.346070100740819e-04 
0.000000000000000e+00 
-8.687597745461710e-04 
6.555122447187445e-04 
7.459278864044996e-05 
-8.989038105599838e-04 
-1.287479039094698e-03 
-1.126134019463714e-04 
3.145962773795035e-04 
-3.163261703196611e-03 
-2.697567906684763e-03 
0.000000000000000e+00 
-7.135373500677721e-03 
-1.360817940076055e-03 
7.061128939606066e-04 
-8.675054677557442e-04 
1.204214697499794e-05 
0.000000000000000e+00 
1.711278840776482e-04 
3.078529456633614e-04 
-5.737107837945098e-04 
1.160202211421707e-03 
4.266062645657691e-04 
5.369994763932270e-04 
-3.444818821586565e-04 
-5.123217521117789e-04 
-1.402239479204632e-03 
8.146393284393165e-04 
-4.636188591641511e-04 
5.005756356367772e-04 
1.585885040676570e-03 
0.000000000000000e+00 
2.355101886771225e-04 
1.780308098285412e-04 
-9.369280111639807e-04 
0.000000000000000e+00 
8.476203798713022e-04 
-1.564527228909094e-03 
-6.076737032339089e-05 
0.000000000000000e+00 
1.582316037886123e-03 
3.829623797467138e-04 
-2.255818216279869e-03 
2.034365893696579e-03 
1.375113374606588e-03 
1.499052973687482e-03 
-1.116924779519456e-03 
-1.145023795291597e-03 
-3.933755790953429e-03 
0.000000000000000e+00 
-1.395152344517512e-03 
6.588508258932264e-04 
-1.308043889454861e-03 
1.704794088138642e-03 
-1.611778825416898e-03 
0.000000000000000e+00 
-2.339608665619357e-04 
-6.905845902684042e-04 
-8.655390835436759e-04 
8.004156801630945e-04 
-9.061392677448768e-04 
-1.200248102264928e-03 
-1.377125173469683e-03 
-2.889536608902073e-03 
-3.079555228152985e-03 
-4.117342739923936e-03 
-2.092477239027893e-03 
-8.560946558734149e-05 
2.864443339931476e-04 
0.000000000000000e+00 
2.500808001766266e-03 
1.340340990418189e-04 
-2.246294379643479e-03 
0.000000000000000e+00 
1.064810679753338e-03 
1.019000755346345e-03 
1.171295347423304e-03 
0.000000000000000e+00 
-3.389588273075773e-03 
-4.957178758946326e-04 
-5.602043173525276e-04 
9.887399684464031e-04 
5.123909744579908e-04 
-8.714236811408734e-04 
-9.362788053094947e-04 
5.355781746181761e-04 
4.711124037051511e-04 
0.000000000000000e+00 
-3.000521387089971e-03 
4.007659362109952e-04 
9.885872389335296e-04 
-4.532487462514300e-04 
-1.515908929245435e-03 
0.000000000000000e+00 
2.084754390821557e-03 
-6.555106381025773e-04 
-1.251619532629398e-03 
8.072528004532615e-04 
1.315557863176335e-03 
-3.200052481508655e-04 
-9.127809102974987e-04 
1.382608217572110e-03 
7.848445304996194e-04 
-3.478110363821317e-04 
-1.341970250918245e-03 
-3.569121429615233e-04 
-6.669092721210881e-04 
0.000000000000000e+00 
1.988307048424548e-03 
1.211382865938660e-03 
1.240600881974746e-03 
0.000000000000000e+00 
-6.075571319899315e-04 
0.000000000000000e+00 
2.763298509360434e-03 
0.000000000000000e+00 
-2.604830443941183e-03 
0.000000000000000e+00 
4.633759291017002e-03 
0.000000000000000e+00 
2.078108735497623e-04 
9.099038085731252e-03 
3.807421919286235e-03 
1.248454379487968e-03 
0.000000000000000e+00 
-2.705245972252553e-03 
-2.317658844059311e-03 
1.038745093513308e-03 
-3.857066788711384e-03 
3.603438049125631e-03 
0.000000000000000e+00 
-2.976773459116107e-03 
-1.771873503940840e-04 
1.521867122390593e-04 
7.130404573468712e-06 
-2.925301807763525e-04 
1.062468532419619e-04 
2.871365736730012e-04 
1.529083229751916e-05 
-1.439642793085568e-04 
-7.988331976089130e-05 
-1.166536813598511e-04 
4.811521478489454e-06 
1.685791690954380e-06 
0.000000000000000e+00 
-6.692553739683473e-06 
-1.760253945417275e-04 
-7.279741903556528e-06 
0.000000000000000e+00 
2.783479414318484e-04 
2.129204386901368e-04 
1.664312775169754e-05 
1.540170660615462e-04 
2.862753380772138e-06 
7.677140387052855e-06 
-2.562668900469446e-06 
-4.185434759376710e-06 
-4.882666244898546e-05 
0.000000000000000e+00 
4.850163030930974e-07 
-1.561349595127805e-05 
4.328689849020806e-06 
-7.038925876767175e-05 
1.078580357178308e-05 
1.246472210540163e-05 
-1.648165617231914e-05 
-8.827983545405171e-05 
9.213708193401890e-05 
6.696345211087933e-06 
-9.286215116879956e-05 
-9.211597726391910e-05 
5.404699069124879e-05 
0.000000000000000e+00 
3.654710036421152e-06 
-4.130030674424470e-04 
0.000000000000000e+00 
0.000000000000000e+00 
0.000000000000000e+00 
0.000000000000000e+00 
0.000000000000000e+00 
0.000000000000000e+00 
0.000000000000000e+00 
0.000000000000000e+00 
0.000000000000000e+00 
0.000000000000000e+00 
0.000000000000000e+00 
0.000000000000000e+00 
0.000000000000000e+00 
0.000000000000000e+00 
0.000000000000000e+00 
0.000000000000000e+00 
0.000000000000000e+00 
0.000000000000000e+00 
0.000000000000000e+00 
0.000000000000000e+00 
0.000000000000000e+00 
0.000000000000000e+00 
0.000000000000000e+00 
0.000000000000000e+00 
0.000000000000000e+00 
0.000000000000000e+00 
0.000000000000000e+00 
0.000000000000000e+00 
0.000000000000000e+00 
0.000000000000000e+00 
0.000000000000000e+00 
0.000000000000000e+00 
0.000000000000000e+00 
0.000000000000000e+00 
0.000000000000000e+00 
0.000000000000000e+00 
0.000000000000000e+00 
0.000000000000000e+00 
0.000000000000000e+00 
0.000000000000000e+00 
0.000000000000000e+00 
-4.130030674424470e-04 
0.000000000000000e+00 
0.000000000000000e+00 
0.000000000000000e+00 
0.000000000000000e+00 
0.000000000000000e+00 
0.000000000000000e+00 
0.000000000000000e+00 
0.000000000000000e+00 
0.000000000000000e+00 
0.000000000000000e+00 
0.000000000000000e+00 
0.000000000000000e+00 
0.000000000000000e+00 
0.000000000000000e+00 
0.000000000000000e+00 
0.000000000000000e+00 
0.000000000000000e+00 
0.000000000000000e+00 
0.000000000000000e+00 
0.000000000000000e+00 
0.000000000000000e+00 
0.000000000000000e+00 
0.000000000000000e+00 
0.000000000000000e+00 
0.000000000000000e+00 
0.000000000000000e+00 
0.000000000000000e+00 
0.000000000000000e+00 
0.000000000000000e+00 
0.000000000000000e+00 
0.000000000000000e+00 
0.000000000000000e+00 
0.000000000000000e+00 
0.000000000000000e+00 
0.000000000000000e+00 
0.000000000000000e+00 
0.000000000000000e+00 
0.000000000000000e+00 
0.000000000000000e+00 
0.000000000000000e+00 
0.000000000000000e+00 
-9.488058675201956e-05 
8.126769016280627e-05 
3.808266456801020e-06 
-1.595206953658532e-04 
5.643529617343699e-05 
1.545319945347404e-04 
8.226368564054780e-06 
-7.685078943128619e-05 
-4.264111470863103e-05 
-6.233463987474254e-05 
2.548621626277673e-06 
8.982575158535999e-07 
0.000000000000000e+00 
-3.578343952413429e-06 
-9.417300633873070e-05 
-4.027903241692838e-06 
0.000000000000000e+00 
1.514877113555985e-04 
1.141468364112423e-04 
8.868583982904545e-06 
8.218069130970629e-05 
1.529050742787356e-06 
4.121090972793660e-06 
-1.469470840580564e-06 
-2.222456839411600e-06 
-2.591229919487962e-05 
0.000000000000000e+00 
2.605330269961707e-07 
-8.324123668730879e-06 
2.304401808163849e-06 
-3.749605254784147e-05 
5.737768867932979e-06 
6.657897338867105e-06 
-8.788028263057775e-06 
-4.691789277211479e-05 
4.918559060621421e-05 
3.571468745013851e-06 
-4.952914123885856e-05 
-4.893832289943578e-05 
2.886112983122772e-05 
0.000000000000000e+00 
1.949580212783287e-06 
-6.652561333946990e-05 
0.000000000000000e+00 
0.000000000000000e+00 
0.000000000000000e+00 
0.000000000000000e+00 
0.000000000000000e+00 
0.000000000000000e+00 
0.000000000000000e+00 
0.000000000000000e+00 
0.000000000000000e+00 
0.000000000000000e+00 
0.000000000000000e+00 
0.000000000000000e+00 
0.000000000000000e+00 
0.000000000000000e+00 
0.000000000000000e+00 
0.000000000000000e+00 
0.000000000000000e+00 
0.000000000000000e+00 
0.000000000000000e+00 
0.000000000000000e+00 
0.000000000000000e+00 
0.000000000000000e+00 
0.000000000000000e+00 
0.000000000000000e+00 
0.000000000000000e+00 
0.000000000000000e+00 
0.000000000000000e+00 
0.000000000000000e+00 
0.000000000000000e+00 
0.000000000000000e+00 
0.000000000000000e+00 
0.000000000000000e+00 
0.000000000000000e+00 
0.000000000000000e+00 
0.000000000000000e+00 
0.000000000000000e+00 
0.000000000000000e+00 
0.000000000000000e+00 
0.000000000000000e+00 
0.000000000000000e+00 
0.000000000000000e+00 
0.000000000000000e+00 
0.000000000000000e+00 
0.000000000000000e+00 
0.000000000000000e+00 
0.000000000000000e+00 
0.000000000000000e+00 
-6.652561333946990e-05 
0.000000000000000e+00 
0.000000000000000e+00 
0.000000000000000e+00 
0.000000000000000e+00 
0.000000000000000e+00 
0.000000000000000e+00 
0.000000000000000e+00 
0.000000000000000e+00 
0.000000000000000e+00 
0.000000000000000e+00 
0.000000000000000e+00 
0.000000000000000e+00 
0.000000000000000e+00 
0.000000000000000e+00 
0.000000000000000e+00 
0.000000000000000e+00 
0.000000000000000e+00 
0.000000000000000e+00 
0.000000000000000e+00 
0.000000000000000e+00 
0.000000000000000e+00 
0.000000000000000e+00 
0.000000000000000e+00 
0.000000000000000e+00 
0.000000000000000e+00 
0.000000000000000e+00 
0.000000000000000e+00 
0.000000000000000e+00 
0.000000000000000e+00 
0.000000000000000e+00 
0.000000000000000e+00 
0.000000000000000e+00 
0.000000000000000e+00 
0.000000000000000e+00 
0.000000000000000e+00 
0.000000000000000e+00 
0.000000000000000e+00 
0.000000000000000e+00 
0.000000000000000e+00 
0.000000000000000e+00 
0.000000000000000e+00 
0.000000000000000e+00 
0.000000000000000e+00 
0.000000000000000e+00 
0.000000000000000e+00 
0.000000000000000e+00 
0.000000000000000e+00 
